"sample_accession"	"study_accession"	"run_accession"	"sample_alias"	"Poseidon_ID"	"secondary_sample_accession"	"first_public"	"last_updated"	"instrument_model"	"library_layout"	"library_source"	"instrument_platform"	"library_name"	"library_strategy"	"fastq_aspera"	"fastq_bytes"	"fastq_md5"	"fastq_ftp"	"read_count"	"submitted_ftp"
"SAMEA6813554"	"PRJEB38152"	"ERR4094755"	"ATT26"	"ATT26"	"ERS4541197"	2020-05-05	2020-05-05	"NextSeq 500"	"SINGLE"	"GENOMIC"	"ILLUMINA"	"unspecified"	"WGS"	"fasp.sra.ebi.ac.uk:/vol1/fastq/ERR409/005/ERR4094755/ERR4094755.fastq.gz"	189450344	"107d37bcdd380416a864c9fb21e9b8e2"	"ftp.sra.ebi.ac.uk/vol1/fastq/ERR409/005/ERR4094755/ERR4094755.fastq.gz"	4033538	"ftp.sra.ebi.ac.uk/vol1/run/ERR409/ERR4094755/ATT26.mappedHs37.trim2.bam"
"SAMEA6813555"	"PRJEB38152"	"ERR4094756"	"BERG02-2"	"BERG02-2"	"ERS4541198"	2020-05-05	2020-05-05	"NextSeq 500"	"SINGLE"	"GENOMIC"	"ILLUMINA"	"unspecified"	"WGS"	"fasp.sra.ebi.ac.uk:/vol1/fastq/ERR409/006/ERR4094756/ERR4094756.fastq.gz"	650139973	"6b6b8538d4c9953fa72fc9dc01ab74e1"	"ftp.sra.ebi.ac.uk/vol1/fastq/ERR409/006/ERR4094756/ERR4094756.fastq.gz"	13541996	"ftp.sra.ebi.ac.uk/vol1/run/ERR409/ERR4094756/BERG02-2.mappedHs37d5.trim2.bam"
"SAMEA6813556"	"PRJEB38152"	"ERR4094757"	"BERG157-2"	"BERG157-2"	"ERS4541199"	2020-05-05	2020-05-05	"NextSeq 500"	"SINGLE"	"GENOMIC"	"ILLUMINA"	"unspecified"	"WGS"	"fasp.sra.ebi.ac.uk:/vol1/fastq/ERR409/007/ERR4094757/ERR4094757.fastq.gz"	638846057	"8fa8e53a3d9512df5bc026bc02078db1"	"ftp.sra.ebi.ac.uk/vol1/fastq/ERR409/007/ERR4094757/ERR4094757.fastq.gz"	12893546	"ftp.sra.ebi.ac.uk/vol1/run/ERR409/ERR4094757/BERG157-2.mappedHs37d5.trim2.bam"
"SAMEA6813557"	"PRJEB38152"	"ERR4094758"	"BERG157-7"	"BERG157-7"	"ERS4541200"	2020-05-05	2020-05-05	"NextSeq 500"	"SINGLE"	"GENOMIC"	"ILLUMINA"	"unspecified"	"WGS"	"fasp.sra.ebi.ac.uk:/vol1/fastq/ERR409/008/ERR4094758/ERR4094758.fastq.gz"	485758017	"f387b0df53d03230f2752de9b4d773f3"	"ftp.sra.ebi.ac.uk/vol1/fastq/ERR409/008/ERR4094758/ERR4094758.fastq.gz"	10013505	"ftp.sra.ebi.ac.uk/vol1/run/ERR409/ERR4094758/BERG157-7.mappedHs37d5.trim2.bam"
"SAMEA6813558"	"PRJEB38152"	"ERR4094759"	"BES1248"	"BES1248"	"ERS4541201"	2020-05-05	2020-05-05	"NextSeq 500"	"SINGLE"	"GENOMIC"	"ILLUMINA"	"unspecified"	"WGS"	"fasp.sra.ebi.ac.uk:/vol1/fastq/ERR409/009/ERR4094759/ERR4094759.fastq.gz"	236349229	"897a6496428986a1db07dea99e904411"	"ftp.sra.ebi.ac.uk/vol1/fastq/ERR409/009/ERR4094759/ERR4094759.fastq.gz"	5206591	"ftp.sra.ebi.ac.uk/vol1/run/ERR409/ERR4094759/BES1248.mappedHs37.trim2.bam"
"SAMEA6813559"	"PRJEB38152"	"ERR4094760"	"BFM265"	"BFM265"	"ERS4541202"	2020-05-05	2020-05-05	"NextSeq 500"	"SINGLE"	"GENOMIC"	"ILLUMINA"	"unspecified"	"WGS"	"fasp.sra.ebi.ac.uk:/vol1/fastq/ERR409/000/ERR4094760/ERR4094760.fastq.gz"	329316402	"4206516b392e7322649cf27f5eb955e0"	"ftp.sra.ebi.ac.uk/vol1/fastq/ERR409/000/ERR4094760/ERR4094760.fastq.gz"	7125238	"ftp.sra.ebi.ac.uk/vol1/run/ERR409/ERR4094760/BFM265.mappedHs37.trim2.bam"
"SAMEA6813560"	"PRJEB38152"	"ERR4094761"	"BIS130"	"BIS130"	"ERS4541203"	2020-05-05	2020-05-05	"NextSeq 500"	"SINGLE"	"GENOMIC"	"ILLUMINA"	"unspecified"	"WGS"	"fasp.sra.ebi.ac.uk:/vol1/fastq/ERR409/001/ERR4094761/ERR4094761.fastq.gz"	225448609	"889a745ec73c13a20dcabd962e12eb2f"	"ftp.sra.ebi.ac.uk/vol1/fastq/ERR409/001/ERR4094761/ERR4094761.fastq.gz"	4631222	"ftp.sra.ebi.ac.uk/vol1/run/ERR409/ERR4094761/BIS130.mappedHs37d5.trim2.bam"
"SAMEA6813561"	"PRJEB38152"	"ERR4094762"	"BIS385"	"BIS385"	"ERS4541204"	2020-05-05	2020-05-05	"NextSeq 500"	"SINGLE"	"GENOMIC"	"ILLUMINA"	"unspecified"	"WGS"	"fasp.sra.ebi.ac.uk:/vol1/fastq/ERR409/002/ERR4094762/ERR4094762.fastq.gz"	298034645	"0de21d6d4ec9590e780ebeadad398ce9"	"ftp.sra.ebi.ac.uk/vol1/fastq/ERR409/002/ERR4094762/ERR4094762.fastq.gz"	6846303	"ftp.sra.ebi.ac.uk/vol1/run/ERR409/ERR4094762/BIS385.mappedHs37d5.trim2.bam"
"SAMEA6813562"	"PRJEB38152"	"ERR4094763"	"BLP10"	"BLP10"	"ERS4541205"	2020-05-05	2020-05-05	"NextSeq 500"	"SINGLE"	"GENOMIC"	"ILLUMINA"	"unspecified"	"WGS"	"fasp.sra.ebi.ac.uk:/vol1/fastq/ERR409/003/ERR4094763/ERR4094763.fastq.gz"	338533054	"c839b00dc14f6bee20125956d91e236b"	"ftp.sra.ebi.ac.uk/vol1/fastq/ERR409/003/ERR4094763/ERR4094763.fastq.gz"	7484659	"ftp.sra.ebi.ac.uk/vol1/run/ERR409/ERR4094763/BLP10.mappedHs37d5.trim2.bam"
"SAMEA6813563"	"PRJEB38152"	"ERR4094764"	"BUCH2"	"BUCH2"	"ERS4541206"	2020-05-05	2020-05-05	"NextSeq 500"	"SINGLE"	"GENOMIC"	"ILLUMINA"	"unspecified"	"WGS"	"fasp.sra.ebi.ac.uk:/vol1/fastq/ERR409/004/ERR4094764/ERR4094764.fastq.gz"	658862975	"ac9133fe1f9dac0aa7a15c2658d3e1bb"	"ftp.sra.ebi.ac.uk/vol1/fastq/ERR409/004/ERR4094764/ERR4094764.fastq.gz"	14196929	"ftp.sra.ebi.ac.uk/vol1/run/ERR409/ERR4094764/BUCH2.mappedHs37d5.trim2.bam"
"SAMEA6813564"	"PRJEB38152"	"ERR4094765"	"CBV95"	"CBV95"	"ERS4541207"	2020-05-05	2020-05-05	"NextSeq 500"	"SINGLE"	"GENOMIC"	"ILLUMINA"	"unspecified"	"WGS"	"fasp.sra.ebi.ac.uk:/vol1/fastq/ERR409/005/ERR4094765/ERR4094765.fastq.gz"	252635110	"61af41197bf94697741583e0a60686ce"	"ftp.sra.ebi.ac.uk/vol1/fastq/ERR409/005/ERR4094765/ERR4094765.fastq.gz"	5613733	"ftp.sra.ebi.ac.uk/vol1/run/ERR409/ERR4094765/CBV95.mappedHs37d5.trim2.bam"
"SAMEA6813565"	"PRJEB38152"	"ERR4094766"	"COL11"	"COL11"	"ERS4541208"	2020-05-05	2020-05-05	"NextSeq 500"	"SINGLE"	"GENOMIC"	"ILLUMINA"	"unspecified"	"WGS"	"fasp.sra.ebi.ac.uk:/vol1/fastq/ERR409/006/ERR4094766/ERR4094766.fastq.gz"	206647273	"cd853b3555b6aa65ab8708353025606d"	"ftp.sra.ebi.ac.uk/vol1/fastq/ERR409/006/ERR4094766/ERR4094766.fastq.gz"	4537143	"ftp.sra.ebi.ac.uk/vol1/run/ERR409/ERR4094766/COL11.mappedHs37.trim2.bam"
"SAMEA6813566"	"PRJEB38152"	"ERR4094767"	"COL153A"	"COL153A"	"ERS4541209"	2020-05-05	2020-05-05	"NextSeq 500"	"SINGLE"	"GENOMIC"	"ILLUMINA"	"unspecified"	"WGS"	"fasp.sra.ebi.ac.uk:/vol1/fastq/ERR409/007/ERR4094767/ERR4094767.fastq.gz"	227795114	"1fca86dc1d88f9fffb0d86be46ad3560"	"ftp.sra.ebi.ac.uk/vol1/fastq/ERR409/007/ERR4094767/ERR4094767.fastq.gz"	5240045	"ftp.sra.ebi.ac.uk/vol1/run/ERR409/ERR4094767/COL153A.mappedHs37.trim2.bam"
"SAMEA6813567"	"PRJEB38152"	"ERR4094768"	"COL153i"	"COL153i"	"ERS4541210"	2020-05-05	2020-05-05	"NextSeq 500"	"SINGLE"	"GENOMIC"	"ILLUMINA"	"unspecified"	"WGS"	"fasp.sra.ebi.ac.uk:/vol1/fastq/ERR409/008/ERR4094768/ERR4094768.fastq.gz"	160620788	"5ae70ca7c2847b4731fd4d1870fc97ac"	"ftp.sra.ebi.ac.uk/vol1/fastq/ERR409/008/ERR4094768/ERR4094768.fastq.gz"	3463774	"ftp.sra.ebi.ac.uk/vol1/run/ERR409/ERR4094768/COL153i.mappedHs37.trim2.bam"
"SAMEA6813568"	"PRJEB38152"	"ERR4094769"	"CRE20D"	"CRE20D"	"ERS4541211"	2020-05-05	2020-05-05	"NextSeq 500"	"SINGLE"	"GENOMIC"	"ILLUMINA"	"unspecified"	"WGS"	"fasp.sra.ebi.ac.uk:/vol1/fastq/ERR409/009/ERR4094769/ERR4094769.fastq.gz"	487619066	"f3138808e1ed4fa13dea37b6c63441e0"	"ftp.sra.ebi.ac.uk/vol1/fastq/ERR409/009/ERR4094769/ERR4094769.fastq.gz"	10905675	"ftp.sra.ebi.ac.uk/vol1/run/ERR409/ERR4094769/CRE20D.mappedHs37d5.trim2.bam"
"SAMEA6813569"	"PRJEB38152"	"ERR4094770"	"ERS1164"	"ERS1164"	"ERS4541212"	2020-05-05	2020-05-05	"NextSeq 500"	"SINGLE"	"GENOMIC"	"ILLUMINA"	"unspecified"	"WGS"	"fasp.sra.ebi.ac.uk:/vol1/fastq/ERR409/000/ERR4094770/ERR4094770.fastq.gz"	303912781	"14bb0668d1cc5fb534735ef5a39682a0"	"ftp.sra.ebi.ac.uk/vol1/fastq/ERR409/000/ERR4094770/ERR4094770.fastq.gz"	6733882	"ftp.sra.ebi.ac.uk/vol1/run/ERR409/ERR4094770/ERS1164.mappedHs37.trim2.bam"
"SAMEA6813570"	"PRJEB38152"	"ERR4094771"	"ERS86"	"ERS86"	"ERS4541213"	2020-05-05	2020-05-05	"NextSeq 500"	"SINGLE"	"GENOMIC"	"ILLUMINA"	"unspecified"	"WGS"	"fasp.sra.ebi.ac.uk:/vol1/fastq/ERR409/001/ERR4094771/ERR4094771.fastq.gz"	281962939	"eab3bddc43c24b4b914226998216bdc1"	"ftp.sra.ebi.ac.uk/vol1/fastq/ERR409/001/ERR4094771/ERR4094771.fastq.gz"	6396192	"ftp.sra.ebi.ac.uk/vol1/run/ERR409/ERR4094771/ERS86.mappedHs37.trim2.bam"
"SAMEA6813571"	"PRJEB38152"	"ERR4094772"	"ERS88"	"ERS88"	"ERS4541214"	2020-05-05	2020-05-05	"NextSeq 500"	"SINGLE"	"GENOMIC"	"ILLUMINA"	"unspecified"	"WGS"	"fasp.sra.ebi.ac.uk:/vol1/fastq/ERR409/002/ERR4094772/ERR4094772.fastq.gz"	199095043	"3e897a5502b10bca9581ba73eae68690"	"ftp.sra.ebi.ac.uk/vol1/fastq/ERR409/002/ERR4094772/ERR4094772.fastq.gz"	4290088	"ftp.sra.ebi.ac.uk/vol1/run/ERR409/ERR4094772/ERS88.mappedHs37.trim2.bam"
"SAMEA6813572"	"PRJEB38152"	"ERR4094773"	"Es97-1"	"Es97-1"	"ERS4541215"	2020-05-05	2020-05-05	"NextSeq 500"	"SINGLE"	"GENOMIC"	"ILLUMINA"	"unspecified"	"WGS"	"fasp.sra.ebi.ac.uk:/vol1/fastq/ERR409/003/ERR4094773/ERR4094773.fastq.gz"	534518217	"61bd024e3296022e9c8cafeb133e8bbd"	"ftp.sra.ebi.ac.uk/vol1/fastq/ERR409/003/ERR4094773/ERR4094773.fastq.gz"	11291283	"ftp.sra.ebi.ac.uk/vol1/run/ERR409/ERR4094773/Es97-1.mappedHs37d5.trim2.bam"
"SAMEA6813573"	"PRJEB38152"	"ERR4094774"	"EUG11"	"EUG11"	"ERS4541216"	2020-05-05	2020-05-05	"NextSeq 500"	"SINGLE"	"GENOMIC"	"ILLUMINA"	"unspecified"	"WGS"	"fasp.sra.ebi.ac.uk:/vol1/fastq/ERR409/004/ERR4094774/ERR4094774.fastq.gz"	278646580	"4e6f59e87d9d251e3425f16bab2c83e2"	"ftp.sra.ebi.ac.uk/vol1/fastq/ERR409/004/ERR4094774/ERR4094774.fastq.gz"	5871720	"ftp.sra.ebi.ac.uk/vol1/run/ERR409/ERR4094774/EUG11.mappedHs37d5.trim2.bam"
"SAMEA6813574"	"PRJEB38152"	"ERR4094775"	"Jeb8"	"Jeb8"	"ERS4541217"	2020-05-05	2020-05-05	"NextSeq 500"	"SINGLE"	"GENOMIC"	"ILLUMINA"	"unspecified"	"WGS"	"fasp.sra.ebi.ac.uk:/vol1/fastq/ERR409/005/ERR4094775/ERR4094775.fastq.gz"	206465900	"3947c2072e38d6ff3c52bee966292ba9"	"ftp.sra.ebi.ac.uk/vol1/fastq/ERR409/005/ERR4094775/ERR4094775.fastq.gz"	4767212	"ftp.sra.ebi.ac.uk/vol1/run/ERR409/ERR4094775/Jeb8.mappedHs37.trim2.bam"
"SAMEA6813575"	"PRJEB38152"	"ERR4094776"	"MDV248"	"MDV248"	"ERS4541218"	2020-05-05	2020-05-05	"NextSeq 500"	"SINGLE"	"GENOMIC"	"ILLUMINA"	"unspecified"	"WGS"	"fasp.sra.ebi.ac.uk:/vol1/fastq/ERR409/006/ERR4094776/ERR4094776.fastq.gz"	209918539	"646a02e5ca97978c6403bccc2ef9f54a"	"ftp.sra.ebi.ac.uk/vol1/fastq/ERR409/006/ERR4094776/ERR4094776.fastq.gz"	4412498	"ftp.sra.ebi.ac.uk/vol1/run/ERR409/ERR4094776/MDV248.mappedHs37d5.trim2.bam"
"SAMEA6813576"	"PRJEB38152"	"ERR4094777"	"Mor6"	"Mor6"	"ERS4541219"	2020-05-05	2020-05-05	"NextSeq 500"	"SINGLE"	"GENOMIC"	"ILLUMINA"	"unspecified"	"WGS"	"fasp.sra.ebi.ac.uk:/vol1/fastq/ERR409/007/ERR4094777/ERR4094777.fastq.gz"	303928961	"54d82ea2ba47582647635968494f5331"	"ftp.sra.ebi.ac.uk/vol1/fastq/ERR409/007/ERR4094777/ERR4094777.fastq.gz"	6214699	"ftp.sra.ebi.ac.uk/vol1/run/ERR409/ERR4094777/Mor6.mappedHs37d5.trim2.bam"
"SAMEA6813577"	"PRJEB38152"	"ERR4094778"	"NIED"	"NIED"	"ERS4541220"	2020-05-05	2020-05-05	"NextSeq 500"	"SINGLE"	"GENOMIC"	"ILLUMINA"	"unspecified"	"WGS"	"fasp.sra.ebi.ac.uk:/vol1/fastq/ERR409/008/ERR4094778/ERR4094778.fastq.gz"	201440755	"460edc9db92e88506ad265fc739f6930"	"ftp.sra.ebi.ac.uk/vol1/fastq/ERR409/008/ERR4094778/ERR4094778.fastq.gz"	4474335	"ftp.sra.ebi.ac.uk/vol1/run/ERR409/ERR4094778/NIED.mappedHs37d5.trim2.bam"
"SAMEA6813578"	"PRJEB38152"	"ERR4094779"	"NOR2B6"	"NOR2B6"	"ERS4541221"	2020-05-05	2020-05-05	"NextSeq 500"	"SINGLE"	"GENOMIC"	"ILLUMINA"	"unspecified"	"WGS"	"fasp.sra.ebi.ac.uk:/vol1/fastq/ERR409/009/ERR4094779/ERR4094779.fastq.gz"	336600179	"b8dbf07d05afb857e33a6a04d31c5db6"	"ftp.sra.ebi.ac.uk/vol1/fastq/ERR409/009/ERR4094779/ERR4094779.fastq.gz"	6960529	"ftp.sra.ebi.ac.uk/vol1/run/ERR409/ERR4094779/NOR2B6.mappedHs37.trim2.bam"
"SAMEA6813579"	"PRJEB38152"	"ERR4094780"	"NOR3-15"	"NOR3-15"	"ERS4541222"	2020-05-05	2020-05-05	"NextSeq 500"	"SINGLE"	"GENOMIC"	"ILLUMINA"	"unspecified"	"WGS"	"fasp.sra.ebi.ac.uk:/vol1/fastq/ERR409/000/ERR4094780/ERR4094780.fastq.gz"	189559117	"4ad6f89f71132382a3e2c9dec202d4fd"	"ftp.sra.ebi.ac.uk/vol1/fastq/ERR409/000/ERR4094780/ERR4094780.fastq.gz"	4045705	"ftp.sra.ebi.ac.uk/vol1/run/ERR409/ERR4094780/NOR3-15.mappedHs37.trim2.bam"
"SAMEA6813580"	"PRJEB38152"	"ERR4094781"	"NOR3-6"	"NOR3-6"	"ERS4541223"	2020-05-05	2020-05-05	"NextSeq 500"	"SINGLE"	"GENOMIC"	"ILLUMINA"	"unspecified"	"WGS"	"fasp.sra.ebi.ac.uk:/vol1/fastq/ERR409/001/ERR4094781/ERR4094781.fastq.gz"	250406392	"d5e13e6559db963db7459e0da8e731f8"	"ftp.sra.ebi.ac.uk/vol1/fastq/ERR409/001/ERR4094781/ERR4094781.fastq.gz"	5593675	"ftp.sra.ebi.ac.uk/vol1/run/ERR409/ERR4094781/NOR3-6.mappedHs37.trim2.bam"
"SAMEA6813581"	"PRJEB38152"	"ERR4094782"	"NOR4"	"NOR4"	"ERS4541224"	2020-05-05	2020-05-05	"NextSeq 500"	"SINGLE"	"GENOMIC"	"ILLUMINA"	"unspecified"	"WGS"	"fasp.sra.ebi.ac.uk:/vol1/fastq/ERR409/002/ERR4094782/ERR4094782.fastq.gz"	169642076	"3e2947b11611d5820d20aaef851bf561"	"ftp.sra.ebi.ac.uk/vol1/fastq/ERR409/002/ERR4094782/ERR4094782.fastq.gz"	3669785	"ftp.sra.ebi.ac.uk/vol1/run/ERR409/ERR4094782/NOR4.mappedHs37.trim2.bam"
"SAMEA6813582"	"PRJEB38152"	"ERR4094783"	"OBE3626-1"	"OBE3626-1"	"ERS4541225"	2020-05-05	2020-05-05	"NextSeq 500"	"SINGLE"	"GENOMIC"	"ILLUMINA"	"unspecified"	"WGS"	"fasp.sra.ebi.ac.uk:/vol1/fastq/ERR409/003/ERR4094783/ERR4094783.fastq.gz"	470781706	"56735a56701ed03985b88c7515a88911"	"ftp.sra.ebi.ac.uk/vol1/fastq/ERR409/003/ERR4094783/ERR4094783.fastq.gz"	9422918	"ftp.sra.ebi.ac.uk/vol1/run/ERR409/ERR4094783/OBE3626-1.mappedHs37d5.trim2.bam"
"SAMEA6813583"	"PRJEB38152"	"ERR4094784"	"OBE3722"	"OBE3722"	"ERS4541226"	2020-05-05	2020-05-05	"NextSeq 500"	"SINGLE"	"GENOMIC"	"ILLUMINA"	"unspecified"	"WGS"	"fasp.sra.ebi.ac.uk:/vol1/fastq/ERR409/004/ERR4094784/ERR4094784.fastq.gz"	299883622	"2cb922b67d55ff7e3c2619d4a6409a77"	"ftp.sra.ebi.ac.uk/vol1/fastq/ERR409/004/ERR4094784/ERR4094784.fastq.gz"	6202959	"ftp.sra.ebi.ac.uk/vol1/run/ERR409/ERR4094784/OBE3722.mappedHs37d5.trim2.bam"
"SAMEA6813584"	"PRJEB38152"	"ERR4094785"	"PECH5"	"PECH5"	"ERS4541227"	2020-05-05	2020-05-05	"NextSeq 500"	"SINGLE"	"GENOMIC"	"ILLUMINA"	"unspecified"	"WGS"	"fasp.sra.ebi.ac.uk:/vol1/fastq/ERR409/005/ERR4094785/ERR4094785.fastq.gz"	81241439	"a4d7e1e3d817a88fae5a0b8849cda0f4"	"ftp.sra.ebi.ac.uk/vol1/fastq/ERR409/005/ERR4094785/ERR4094785.fastq.gz"	1777630	"ftp.sra.ebi.ac.uk/vol1/run/ERR409/ERR4094785/PECH5.mappedHs37.trim2.bam"
"SAMEA6813585"	"PRJEB38152"	"ERR4094786"	"PECH8"	"PECH8"	"ERS4541228"	2020-05-05	2020-05-05	"NextSeq 500"	"SINGLE"	"GENOMIC"	"ILLUMINA"	"unspecified"	"WGS"	"fasp.sra.ebi.ac.uk:/vol1/fastq/ERR409/006/ERR4094786/ERR4094786.fastq.gz"	235475531	"d35222949c187baa52c95cb34750305e"	"ftp.sra.ebi.ac.uk/vol1/fastq/ERR409/006/ERR4094786/ERR4094786.fastq.gz"	5319473	"ftp.sra.ebi.ac.uk/vol1/run/ERR409/ERR4094786/PECH8.mappedHs37.trim2.bam"
"SAMEA6813586"	"PRJEB38152"	"ERR4094787"	"PEI10"	"PEI10"	"ERS4541229"	2020-05-05	2020-05-05	"NextSeq 500"	"SINGLE"	"GENOMIC"	"ILLUMINA"	"unspecified"	"WGS"	"fasp.sra.ebi.ac.uk:/vol1/fastq/ERR409/007/ERR4094787/ERR4094787.fastq.gz"	88717164	"06938a4aeb97fed90ecdcfeb82bf52c2"	"ftp.sra.ebi.ac.uk/vol1/fastq/ERR409/007/ERR4094787/ERR4094787.fastq.gz"	2134372	"ftp.sra.ebi.ac.uk/vol1/run/ERR409/ERR4094787/PEI10.mappedHs37d5.trim2.bam"
"SAMEA6813587"	"PRJEB38152"	"ERR4094788"	"PEI2"	"PEI2"	"ERS4541230"	2020-05-05	2020-05-05	"NextSeq 500"	"SINGLE"	"GENOMIC"	"ILLUMINA"	"unspecified"	"WGS"	"fasp.sra.ebi.ac.uk:/vol1/fastq/ERR409/008/ERR4094788/ERR4094788.fastq.gz"	500590917	"232e206924617ccb1d778e93850b711d"	"ftp.sra.ebi.ac.uk/vol1/fastq/ERR409/008/ERR4094788/ERR4094788.fastq.gz"	10929599	"ftp.sra.ebi.ac.uk/vol1/run/ERR409/ERR4094788/PEI2.mappedHs37d5.trim2.bam"
"SAMEA6813588"	"PRJEB38152"	"ERR4094789"	"PER1150503"	"PER1150503"	"ERS4541231"	2020-05-05	2020-05-05	"NextSeq 500"	"SINGLE"	"GENOMIC"	"ILLUMINA"	"unspecified"	"WGS"	"fasp.sra.ebi.ac.uk:/vol1/fastq/ERR409/009/ERR4094789/ERR4094789.fastq.gz"	547853757	"10647333cab0502bb06b0e00d6998cae"	"ftp.sra.ebi.ac.uk/vol1/fastq/ERR409/009/ERR4094789/ERR4094789.fastq.gz"	11863829	"ftp.sra.ebi.ac.uk/vol1/run/ERR409/ERR4094789/PER1150503.mappedHs37d5.trim2.bam"
"SAMEA6813589"	"PRJEB38152"	"ERR4094790"	"PER3023"	"PER3023"	"ERS4541232"	2020-05-05	2020-05-05	"NextSeq 500"	"SINGLE"	"GENOMIC"	"ILLUMINA"	"unspecified"	"WGS"	"fasp.sra.ebi.ac.uk:/vol1/fastq/ERR409/000/ERR4094790/ERR4094790.fastq.gz"	287257348	"0db024324dbf675786a9f5a1077f7312"	"ftp.sra.ebi.ac.uk/vol1/fastq/ERR409/000/ERR4094790/ERR4094790.fastq.gz"	6079897	"ftp.sra.ebi.ac.uk/vol1/run/ERR409/ERR4094790/PER3023.mappedHs37d5.trim2.bam"
"SAMEA6813590"	"PRJEB38152"	"ERR4094791"	"PER3123"	"PER3123"	"ERS4541233"	2020-05-05	2020-05-05	"NextSeq 500"	"SINGLE"	"GENOMIC"	"ILLUMINA"	"unspecified"	"WGS"	"fasp.sra.ebi.ac.uk:/vol1/fastq/ERR409/001/ERR4094791/ERR4094791.fastq.gz"	227072848	"19bd453bab036ba57a24f441c82fed01"	"ftp.sra.ebi.ac.uk/vol1/fastq/ERR409/001/ERR4094791/ERR4094791.fastq.gz"	4856060	"ftp.sra.ebi.ac.uk/vol1/run/ERR409/ERR4094791/PER3123.mappedHs37d5.trim2.bam"
"SAMEA6813591"	"PRJEB38152"	"ERR4094792"	"PEY163"	"PEY163"	"ERS4541234"	2020-05-05	2020-05-05	"NextSeq 500"	"SINGLE"	"GENOMIC"	"ILLUMINA"	"unspecified"	"WGS"	"fasp.sra.ebi.ac.uk:/vol1/fastq/ERR409/002/ERR4094792/ERR4094792.fastq.gz"	198035107	"19d6a714c1d93a64d144b0bac38a0a06"	"ftp.sra.ebi.ac.uk/vol1/fastq/ERR409/002/ERR4094792/ERR4094792.fastq.gz"	4395972	"ftp.sra.ebi.ac.uk/vol1/run/ERR409/ERR4094792/PEY163.mappedHs37.trim2.bam"
"SAMEA6813592"	"PRJEB38152"	"ERR4094793"	"PEY53"	"PEY53"	"ERS4541235"	2020-05-05	2020-05-05	"NextSeq 500"	"SINGLE"	"GENOMIC"	"ILLUMINA"	"unspecified"	"WGS"	"fasp.sra.ebi.ac.uk:/vol1/fastq/ERR409/003/ERR4094793/ERR4094793.fastq.gz"	221886106	"9525f68730dbc3db14c74e2a93d488bb"	"ftp.sra.ebi.ac.uk/vol1/fastq/ERR409/003/ERR4094793/ERR4094793.fastq.gz"	5037695	"ftp.sra.ebi.ac.uk/vol1/run/ERR409/ERR4094793/PEY53.mappedHs37.trim2.bam"
"SAMEA6813593"	"PRJEB38152"	"ERR4094794"	"PIR3037AB"	"PIR3037AB"	"ERS4541236"	2020-05-05	2020-05-05	"NextSeq 500"	"SINGLE"	"GENOMIC"	"ILLUMINA"	"unspecified"	"WGS"	"fasp.sra.ebi.ac.uk:/vol1/fastq/ERR409/004/ERR4094794/ERR4094794.fastq.gz"	96537368	"73adf7686b7ec27f5d84d03a4485f0f6"	"ftp.sra.ebi.ac.uk/vol1/fastq/ERR409/004/ERR4094794/ERR4094794.fastq.gz"	2309356	"ftp.sra.ebi.ac.uk/vol1/run/ERR409/ERR4094794/PIR3037AB.mappedHs37d5.trim2.bam"
"SAMEA6813594"	"PRJEB38152"	"ERR4094795"	"PIR3116B"	"PIR3116B"	"ERS4541237"	2020-05-05	2020-05-05	"NextSeq 500"	"SINGLE"	"GENOMIC"	"ILLUMINA"	"unspecified"	"WGS"	"fasp.sra.ebi.ac.uk:/vol1/fastq/ERR409/005/ERR4094795/ERR4094795.fastq.gz"	167554127	"f3d88f981e04412b9a5fdc0ba1580f54"	"ftp.sra.ebi.ac.uk/vol1/fastq/ERR409/005/ERR4094795/ERR4094795.fastq.gz"	3884827	"ftp.sra.ebi.ac.uk/vol1/run/ERR409/ERR4094795/PIR3116B.mappedHs37d5.trim2.bam"
"SAMEA6813595"	"PRJEB38152"	"ERR4094796"	"Pir4"	"Pir4"	"ERS4541238"	2020-05-05	2020-05-05	"NextSeq 500"	"SINGLE"	"GENOMIC"	"ILLUMINA"	"unspecified"	"WGS"	"fasp.sra.ebi.ac.uk:/vol1/fastq/ERR409/006/ERR4094796/ERR4094796.fastq.gz"	145437457	"b56238b9cdcc2129e473e90777237d72"	"ftp.sra.ebi.ac.uk/vol1/fastq/ERR409/006/ERR4094796/ERR4094796.fastq.gz"	3469212	"ftp.sra.ebi.ac.uk/vol1/run/ERR409/ERR4094796/Pir4.mappedHs37d5.trim2.bam"
"SAMEA6813596"	"PRJEB38152"	"ERR4094797"	"Pir6"	"Pir6"	"ERS4541239"	2020-05-05	2020-05-05	"NextSeq 500"	"SINGLE"	"GENOMIC"	"ILLUMINA"	"unspecified"	"WGS"	"fasp.sra.ebi.ac.uk:/vol1/fastq/ERR409/007/ERR4094797/ERR4094797.fastq.gz"	149207045	"ac264c9e29606f9908148ca4debe2232"	"ftp.sra.ebi.ac.uk/vol1/fastq/ERR409/007/ERR4094797/ERR4094797.fastq.gz"	3669701	"ftp.sra.ebi.ac.uk/vol1/run/ERR409/ERR4094797/Pir6.mappedHs37d5.trim2.bam"
"SAMEA6813597"	"PRJEB38152"	"ERR4094798"	"PSS4170"	"PSS4170"	"ERS4541240"	2020-05-05	2020-05-05	"NextSeq 500"	"SINGLE"	"GENOMIC"	"ILLUMINA"	"unspecified"	"WGS"	"fasp.sra.ebi.ac.uk:/vol1/fastq/ERR409/008/ERR4094798/ERR4094798.fastq.gz"	740705418	"d9b6f72e9f9b5e53d8eef31231a92a19"	"ftp.sra.ebi.ac.uk/vol1/fastq/ERR409/008/ERR4094798/ERR4094798.fastq.gz"	15118178	"ftp.sra.ebi.ac.uk/vol1/run/ERR409/ERR4094798/PSS4170.mappedHs37d5.trim2.bam"
"SAMEA6813598"	"PRJEB38152"	"ERR4094799"	"PSS4693"	"PSS4693"	"ERS4541241"	2020-05-05	2020-05-05	"NextSeq 500"	"SINGLE"	"GENOMIC"	"ILLUMINA"	"unspecified"	"WGS"	"fasp.sra.ebi.ac.uk:/vol1/fastq/ERR409/009/ERR4094799/ERR4094799.fastq.gz"	1305230059	"3cf5344742f5e07266ff89c9079dd6de"	"ftp.sra.ebi.ac.uk/vol1/fastq/ERR409/009/ERR4094799/ERR4094799.fastq.gz"	27494132	"ftp.sra.ebi.ac.uk/vol1/run/ERR409/ERR4094799/PSS4693.mappedHs37d5.trim2.bam"
"SAMEA6813599"	"PRJEB38152"	"ERR4094800"	"PT2"	"PT2"	"ERS4541242"	2020-05-05	2020-05-05	"NextSeq 500"	"SINGLE"	"GENOMIC"	"ILLUMINA"	"unspecified"	"WGS"	"fasp.sra.ebi.ac.uk:/vol1/fastq/ERR409/000/ERR4094800/ERR4094800.fastq.gz"	194062199	"d481ec3bf0305f8ae344b7d8bf8fcd91"	"ftp.sra.ebi.ac.uk/vol1/fastq/ERR409/000/ERR4094800/ERR4094800.fastq.gz"	4215874	"ftp.sra.ebi.ac.uk/vol1/run/ERR409/ERR4094800/PT2.mappedHs37.trim2.bam"
"SAMEA6813600"	"PRJEB38152"	"ERR4094801"	"QUIN234"	"QUIN234"	"ERS4541243"	2020-05-05	2020-05-05	"NextSeq 500"	"SINGLE"	"GENOMIC"	"ILLUMINA"	"unspecified"	"WGS"	"fasp.sra.ebi.ac.uk:/vol1/fastq/ERR409/001/ERR4094801/ERR4094801.fastq.gz"	222825428	"36b92f0fbd99121e83114bf02ace5452"	"ftp.sra.ebi.ac.uk/vol1/fastq/ERR409/001/ERR4094801/ERR4094801.fastq.gz"	5222107	"ftp.sra.ebi.ac.uk/vol1/run/ERR409/ERR4094801/QUIN234.mappedHs37d5.trim2.bam"
"SAMEA6813601"	"PRJEB38152"	"ERR4094802"	"QUIN58"	"QUIN58"	"ERS4541244"	2020-05-05	2020-05-05	"NextSeq 500"	"SINGLE"	"GENOMIC"	"ILLUMINA"	"unspecified"	"WGS"	"fasp.sra.ebi.ac.uk:/vol1/fastq/ERR409/002/ERR4094802/ERR4094802.fastq.gz"	179436520	"48b1e75dc0b4b1ad3665c102fd91816f"	"ftp.sra.ebi.ac.uk/vol1/fastq/ERR409/002/ERR4094802/ERR4094802.fastq.gz"	3892826	"ftp.sra.ebi.ac.uk/vol1/run/ERR409/ERR4094802/QUIN58.mappedHs37d5.trim2.bam"
"SAMEA6813602"	"PRJEB38152"	"ERR4094803"	"RIX15"	"RIX15"	"ERS4541245"	2020-05-05	2020-05-05	"NextSeq 500"	"SINGLE"	"GENOMIC"	"ILLUMINA"	"unspecified"	"WGS"	"fasp.sra.ebi.ac.uk:/vol1/fastq/ERR409/003/ERR4094803/ERR4094803.fastq.gz"	277505858	"4db3335da07349660296a8df87cdef06"	"ftp.sra.ebi.ac.uk/vol1/fastq/ERR409/003/ERR4094803/ERR4094803.fastq.gz"	5717318	"ftp.sra.ebi.ac.uk/vol1/run/ERR409/ERR4094803/RIX15.mappedHs37d5.trim2.bam"
"SAMEA6813603"	"PRJEB38152"	"ERR4094804"	"RIX2"	"RIX2"	"ERS4541246"	2020-05-05	2020-05-05	"NextSeq 500"	"SINGLE"	"GENOMIC"	"ILLUMINA"	"unspecified"	"WGS"	"fasp.sra.ebi.ac.uk:/vol1/fastq/ERR409/004/ERR4094804/ERR4094804.fastq.gz"	297804949	"6cb69567a8d27cbe283e5e856786762b"	"ftp.sra.ebi.ac.uk/vol1/fastq/ERR409/004/ERR4094804/ERR4094804.fastq.gz"	6490389	"ftp.sra.ebi.ac.uk/vol1/run/ERR409/ERR4094804/RIX2.mappedHs37d5.trim2.bam"
"SAMEA6813604"	"PRJEB38152"	"ERR4094805"	"RIX4"	"RIX4"	"ERS4541247"	2020-05-05	2020-05-05	"NextSeq 500"	"SINGLE"	"GENOMIC"	"ILLUMINA"	"unspecified"	"WGS"	"fasp.sra.ebi.ac.uk:/vol1/fastq/ERR409/005/ERR4094805/ERR4094805.fastq.gz"	325996612	"4e9047aec8173387a7b1e608e41e23f2"	"ftp.sra.ebi.ac.uk/vol1/fastq/ERR409/005/ERR4094805/ERR4094805.fastq.gz"	6858032	"ftp.sra.ebi.ac.uk/vol1/run/ERR409/ERR4094805/RIX4.mappedHs37d5.trim2.bam"
"SAMEA6813605"	"PRJEB38152"	"ERR4094806"	"ROS102"	"ROS102"	"ERS4541248"	2020-05-05	2020-05-05	"NextSeq 500"	"SINGLE"	"GENOMIC"	"ILLUMINA"	"unspecified"	"WGS"	"fasp.sra.ebi.ac.uk:/vol1/fastq/ERR409/006/ERR4094806/ERR4094806.fastq.gz"	279294877	"6768b4ca083343f9dc63fb9482caac4e"	"ftp.sra.ebi.ac.uk/vol1/fastq/ERR409/006/ERR4094806/ERR4094806.fastq.gz"	5637588	"ftp.sra.ebi.ac.uk/vol1/run/ERR409/ERR4094806/ROS102.mappedHs37d5.trim2.bam"
"SAMEA6813606"	"PRJEB38152"	"ERR4094807"	"ROS45"	"ROS45"	"ERS4541249"	2020-05-05	2020-05-05	"NextSeq 500"	"SINGLE"	"GENOMIC"	"ILLUMINA"	"unspecified"	"WGS"	"fasp.sra.ebi.ac.uk:/vol1/fastq/ERR409/007/ERR4094807/ERR4094807.fastq.gz"	488783421	"86b68ffe26f2ce4916ca915b068b151d"	"ftp.sra.ebi.ac.uk/vol1/fastq/ERR409/007/ERR4094807/ERR4094807.fastq.gz"	9828451	"ftp.sra.ebi.ac.uk/vol1/run/ERR409/ERR4094807/ROS45.mappedHs37d5.trim2.bam"
"SAMEA6813607"	"PRJEB38152"	"ERR4094808"	"ROS78"	"ROS78"	"ERS4541250"	2020-05-05	2020-05-05	"NextSeq 500"	"SINGLE"	"GENOMIC"	"ILLUMINA"	"unspecified"	"WGS"	"fasp.sra.ebi.ac.uk:/vol1/fastq/ERR409/008/ERR4094808/ERR4094808.fastq.gz"	778588046	"9beca53f37990edf4b3097b516b2a141"	"ftp.sra.ebi.ac.uk/vol1/fastq/ERR409/008/ERR4094808/ERR4094808.fastq.gz"	15681455	"ftp.sra.ebi.ac.uk/vol1/run/ERR409/ERR4094808/ROS78.mappedHs37d5.trim2.bam"
"SAMEA6813608"	"PRJEB38152"	"ERR4094809"	"ROS82"	"ROS82"	"ERS4541251"	2020-05-05	2020-05-05	"NextSeq 500"	"SINGLE"	"GENOMIC"	"ILLUMINA"	"unspecified"	"WGS"	"fasp.sra.ebi.ac.uk:/vol1/fastq/ERR409/009/ERR4094809/ERR4094809.fastq.gz"	185045423	"3741955ecf3130da421e5defa97fd1bf"	"ftp.sra.ebi.ac.uk/vol1/fastq/ERR409/009/ERR4094809/ERR4094809.fastq.gz"	3893029	"ftp.sra.ebi.ac.uk/vol1/run/ERR409/ERR4094809/ROS82.mappedHs37d5.trim2.bam"
"SAMEA6813609"	"PRJEB38152"	"ERR4094810"	"Sch72-15"	"Sch72-15"	"ERS4541252"	2020-05-05	2020-05-05	"NextSeq 500"	"SINGLE"	"GENOMIC"	"ILLUMINA"	"unspecified"	"WGS"	"fasp.sra.ebi.ac.uk:/vol1/fastq/ERR409/000/ERR4094810/ERR4094810.fastq.gz"	430378054	"8401442abb874c3abcbb7ecd30ea6f60"	"ftp.sra.ebi.ac.uk/vol1/fastq/ERR409/000/ERR4094810/ERR4094810.fastq.gz"	8766116	"ftp.sra.ebi.ac.uk/vol1/run/ERR409/ERR4094810/Sch72-15.mappedHs37d5.trim2.bam"
"SAMEA6813610"	"PRJEB38152"	"ERR4094811"	"Schw432"	"Schw432"	"ERS4541253"	2020-05-05	2020-05-05	"NextSeq 500"	"SINGLE"	"GENOMIC"	"ILLUMINA"	"unspecified"	"WGS"	"fasp.sra.ebi.ac.uk:/vol1/fastq/ERR409/001/ERR4094811/ERR4094811.fastq.gz"	278923966	"846d5de7d14c877dcc0eb3d88cb91115"	"ftp.sra.ebi.ac.uk/vol1/fastq/ERR409/001/ERR4094811/ERR4094811.fastq.gz"	5749760	"ftp.sra.ebi.ac.uk/vol1/run/ERR409/ERR4094811/Schw432.mappedHs37d5.trim2.bam"
"SAMEA6813611"	"PRJEB38152"	"ERR4094812"	"WET370"	"WET370"	"ERS4541254"	2020-05-05	2020-05-05	"NextSeq 500"	"SINGLE"	"GENOMIC"	"ILLUMINA"	"unspecified"	"WGS"	"fasp.sra.ebi.ac.uk:/vol1/fastq/ERR409/002/ERR4094812/ERR4094812.fastq.gz"	302994689	"eb17e3e5d6b755e1fa1c95c262c72cdd"	"ftp.sra.ebi.ac.uk/vol1/fastq/ERR409/002/ERR4094812/ERR4094812.fastq.gz"	6714941	"ftp.sra.ebi.ac.uk/vol1/run/ERR409/ERR4094812/WET370.mappedHs37d5.trim2.bam"
"SAMEA6813554"	"PRJEB38152"	"ERR4173959"	"ATT26"	"ATT26"	"ERS4541197"	2020-05-25	2020-05-24	"NextSeq 500"	"PAIRED"	"GENOMIC"	"ILLUMINA"	"ATT26"	"WGS"	"fasp.sra.ebi.ac.uk:/vol1/fastq/ERR417/009/ERR4173959/ERR4173959.fastq.gz;fasp.sra.ebi.ac.uk:/vol1/fastq/ERR417/009/ERR4173959/ERR4173959_1.fastq.gz;fasp.sra.ebi.ac.uk:/vol1/fastq/ERR417/009/ERR4173959/ERR4173959_2.fastq.gz"	"28556302;201047544;209120452"	"f4aa9bd2a0b03c4f07f392a65b0d38bd;d81d6133319400eaf650d122e419ba3b;682aa59737b074ee83afeaf0f14caab7"	"ftp.sra.ebi.ac.uk/vol1/fastq/ERR417/009/ERR4173959/ERR4173959.fastq.gz;ftp.sra.ebi.ac.uk/vol1/fastq/ERR417/009/ERR4173959/ERR4173959_1.fastq.gz;ftp.sra.ebi.ac.uk/vol1/fastq/ERR417/009/ERR4173959/ERR4173959_2.fastq.gz"	5860255	"ftp.sra.ebi.ac.uk/vol1/run/ERR417/ERR4173959/ATT26_R1_001.fastq.gz;ftp.sra.ebi.ac.uk/vol1/run/ERR417/ERR4173959/ATT26_R2_001.fastq.gz"
"SAMEA6813555"	"PRJEB38152"	"ERR4173960"	"BERG02-2"	"BERG02-2"	"ERS4541198"	2020-05-25	2020-06-18	"NextSeq 500"	"PAIRED"	"GENOMIC"	"ILLUMINA"	"BERG02-2"	"WGS"	"fasp.sra.ebi.ac.uk:/vol1/fastq/ERR417/000/ERR4173960/ERR4173960_1.fastq.gz;fasp.sra.ebi.ac.uk:/vol1/fastq/ERR417/000/ERR4173960/ERR4173960_2.fastq.gz"	"1435534152;1473611150"	"4165574b3c9359680bd27ff05f1d8bc1;45e73e4f1c5e65d56c6983769032ed42"	"ftp.sra.ebi.ac.uk/vol1/fastq/ERR417/000/ERR4173960/ERR4173960_1.fastq.gz;ftp.sra.ebi.ac.uk/vol1/fastq/ERR417/000/ERR4173960/ERR4173960_2.fastq.gz"	30793333	"ftp.sra.ebi.ac.uk/vol1/run/ERR417/ERR4173960/BERG02-2_R1_001.fastq.gz;ftp.sra.ebi.ac.uk/vol1/run/ERR417/ERR4173960/BERG02-2_R2_001.fastq.gz"
"SAMEA6813556"	"PRJEB38152"	"ERR4173961"	"BERG157-2"	"BERG157-2"	"ERS4541199"	2020-05-25	2020-06-18	"NextSeq 500"	"PAIRED"	"GENOMIC"	"ILLUMINA"	"BERG157-2"	"WGS"	"fasp.sra.ebi.ac.uk:/vol1/fastq/ERR417/001/ERR4173961/ERR4173961_1.fastq.gz;fasp.sra.ebi.ac.uk:/vol1/fastq/ERR417/001/ERR4173961/ERR4173961_2.fastq.gz"	"746415254;764789345"	"c15b3c69e10155a9d3b40d83f8d371b1;e5a8226557556c0beaf961a09f189e6a"	"ftp.sra.ebi.ac.uk/vol1/fastq/ERR417/001/ERR4173961/ERR4173961_1.fastq.gz;ftp.sra.ebi.ac.uk/vol1/fastq/ERR417/001/ERR4173961/ERR4173961_2.fastq.gz"	15859373	"ftp.sra.ebi.ac.uk/vol1/run/ERR417/ERR4173961/BERG157-2_R1_001.fastq.gz;ftp.sra.ebi.ac.uk/vol1/run/ERR417/ERR4173961/BERG157-2_R2_001.fastq.gz"
"SAMEA6813557"	"PRJEB38152"	"ERR4173962"	"BERG157-7"	"BERG157-7"	"ERS4541200"	2020-05-25	2020-06-18	"NextSeq 500"	"PAIRED"	"GENOMIC"	"ILLUMINA"	"BERG157-7"	"WGS"	"fasp.sra.ebi.ac.uk:/vol1/fastq/ERR417/002/ERR4173962/ERR4173962_1.fastq.gz;fasp.sra.ebi.ac.uk:/vol1/fastq/ERR417/002/ERR4173962/ERR4173962_2.fastq.gz"	"701554225;719474361"	"e23ac5dc014cccbfd8ff76eb7b6679fa;0f7b709b3dc459920ac134bd22d06338"	"ftp.sra.ebi.ac.uk/vol1/fastq/ERR417/002/ERR4173962/ERR4173962_1.fastq.gz;ftp.sra.ebi.ac.uk/vol1/fastq/ERR417/002/ERR4173962/ERR4173962_2.fastq.gz"	15145001	"ftp.sra.ebi.ac.uk/vol1/run/ERR417/ERR4173962/BERG157-7_R1_001.fastq.gz;ftp.sra.ebi.ac.uk/vol1/run/ERR417/ERR4173962/BERG157-7_R2_001.fastq.gz"
"SAMEA6813558"	"PRJEB38152"	"ERR4173963"	"BES1248"	"BES1248"	"ERS4541201"	2020-05-25	2020-06-18	"NextSeq 500"	"PAIRED"	"GENOMIC"	"ILLUMINA"	"BES1248"	"WGS"	"fasp.sra.ebi.ac.uk:/vol1/fastq/ERR417/003/ERR4173963/ERR4173963_1.fastq.gz;fasp.sra.ebi.ac.uk:/vol1/fastq/ERR417/003/ERR4173963/ERR4173963_2.fastq.gz"	"362157528;370358775"	"98a248ed18172490acaec5eae4fde05c;0040cda40614a99277e3d2f5668afead"	"ftp.sra.ebi.ac.uk/vol1/fastq/ERR417/003/ERR4173963/ERR4173963_1.fastq.gz;ftp.sra.ebi.ac.uk/vol1/fastq/ERR417/003/ERR4173963/ERR4173963_2.fastq.gz"	8292325	"ftp.sra.ebi.ac.uk/vol1/run/ERR417/ERR4173963/BES1248_R1_001.fastq.gz;ftp.sra.ebi.ac.uk/vol1/run/ERR417/ERR4173963/BES1248_R2_001.fastq.gz"
"SAMEA6813559"	"PRJEB38152"	"ERR4173964"	"BFM265"	"BFM265"	"ERS4541202"	2020-05-25	2020-05-25	"NextSeq 500"	"PAIRED"	"GENOMIC"	"ILLUMINA"	"BFM265"	"WGS"	"fasp.sra.ebi.ac.uk:/vol1/fastq/ERR417/004/ERR4173964/ERR4173964.fastq.gz;fasp.sra.ebi.ac.uk:/vol1/fastq/ERR417/004/ERR4173964/ERR4173964_1.fastq.gz;fasp.sra.ebi.ac.uk:/vol1/fastq/ERR417/004/ERR4173964/ERR4173964_2.fastq.gz"	"4231839;24409856;25202421"	"2f7421c191602ba38a0dfd65ac22ac45;843a74b0b4ce4c1dfbeb7b8460c8951a;647a2ba3a8ebb94139e11d0502699771"	"ftp.sra.ebi.ac.uk/vol1/fastq/ERR417/004/ERR4173964/ERR4173964.fastq.gz;ftp.sra.ebi.ac.uk/vol1/fastq/ERR417/004/ERR4173964/ERR4173964_1.fastq.gz;ftp.sra.ebi.ac.uk/vol1/fastq/ERR417/004/ERR4173964/ERR4173964_2.fastq.gz"	730222	"ftp.sra.ebi.ac.uk/vol1/run/ERR417/ERR4173964/BFM265_R1_001.fastq.gz;ftp.sra.ebi.ac.uk/vol1/run/ERR417/ERR4173964/BFM265_R2_001.fastq.gz"
"SAMEA6813560"	"PRJEB38152"	"ERR4173965"	"BIS130"	"BIS130"	"ERS4541203"	2020-05-25	2020-06-18	"NextSeq 500"	"PAIRED"	"GENOMIC"	"ILLUMINA"	"BIS130"	"WGS"	"fasp.sra.ebi.ac.uk:/vol1/fastq/ERR417/005/ERR4173965/ERR4173965_1.fastq.gz;fasp.sra.ebi.ac.uk:/vol1/fastq/ERR417/005/ERR4173965/ERR4173965_2.fastq.gz"	"422534744;440274192"	"8d88455ec222a012757426045b3767b5;d1e3a9b9ab00095512a9cc9382081abd"	"ftp.sra.ebi.ac.uk/vol1/fastq/ERR417/005/ERR4173965/ERR4173965_1.fastq.gz;ftp.sra.ebi.ac.uk/vol1/fastq/ERR417/005/ERR4173965/ERR4173965_2.fastq.gz"	9526183	"ftp.sra.ebi.ac.uk/vol1/run/ERR417/ERR4173965/BIS130_R1_001.fastq.gz;ftp.sra.ebi.ac.uk/vol1/run/ERR417/ERR4173965/BIS130_R2_001.fastq.gz"
"SAMEA6813561"	"PRJEB38152"	"ERR4173966"	"BIS385"	"BIS385"	"ERS4541204"	2020-05-25	2020-06-18	"NextSeq 500"	"PAIRED"	"GENOMIC"	"ILLUMINA"	"BIS385"	"WGS"	"fasp.sra.ebi.ac.uk:/vol1/fastq/ERR417/006/ERR4173966/ERR4173966_1.fastq.gz;fasp.sra.ebi.ac.uk:/vol1/fastq/ERR417/006/ERR4173966/ERR4173966_2.fastq.gz"	"465020581;477613726"	"b8a6e4434cd5d60f4999a563035fb4f1;3f3eb427f2c0b354917f90f5519a0a2d"	"ftp.sra.ebi.ac.uk/vol1/fastq/ERR417/006/ERR4173966/ERR4173966_1.fastq.gz;ftp.sra.ebi.ac.uk/vol1/fastq/ERR417/006/ERR4173966/ERR4173966_2.fastq.gz"	10929903	"ftp.sra.ebi.ac.uk/vol1/run/ERR417/ERR4173966/BIS385_R1_001.fastq.gz;ftp.sra.ebi.ac.uk/vol1/run/ERR417/ERR4173966/BIS385_R2_001.fastq.gz"
"SAMEA6813562"	"PRJEB38152"	"ERR4173967"	"BLP10"	"BLP10"	"ERS4541205"	2020-05-25	2020-06-18	"NextSeq 500"	"PAIRED"	"GENOMIC"	"ILLUMINA"	"BLP10"	"WGS"	"fasp.sra.ebi.ac.uk:/vol1/fastq/ERR417/007/ERR4173967/ERR4173967_1.fastq.gz;fasp.sra.ebi.ac.uk:/vol1/fastq/ERR417/007/ERR4173967/ERR4173967_2.fastq.gz"	"1044743955;1067205779"	"c6cbbcbae681fd0266419c6315fa84b9;da53bb7dfb2b015904f67f862cf059cd"	"ftp.sra.ebi.ac.uk/vol1/fastq/ERR417/007/ERR4173967/ERR4173967_1.fastq.gz;ftp.sra.ebi.ac.uk/vol1/fastq/ERR417/007/ERR4173967/ERR4173967_2.fastq.gz"	22726260	"ftp.sra.ebi.ac.uk/vol1/run/ERR417/ERR4173967/BLP10_R1_001.fastq.gz;ftp.sra.ebi.ac.uk/vol1/run/ERR417/ERR4173967/BLP10_R2_001.fastq.gz"
"SAMEA6813563"	"PRJEB38152"	"ERR4173968"	"BUCH2"	"BUCH2"	"ERS4541206"	2020-05-25	2020-06-18	"NextSeq 500"	"PAIRED"	"GENOMIC"	"ILLUMINA"	"BUCH2"	"WGS"	"fasp.sra.ebi.ac.uk:/vol1/fastq/ERR417/008/ERR4173968/ERR4173968_1.fastq.gz;fasp.sra.ebi.ac.uk:/vol1/fastq/ERR417/008/ERR4173968/ERR4173968_2.fastq.gz"	"2130200242;2179331054"	"4896e0d140cc2d1fcc5258d45b82aafc;8c014221aa98db76e0bce213782a0aeb"	"ftp.sra.ebi.ac.uk/vol1/fastq/ERR417/008/ERR4173968/ERR4173968_1.fastq.gz;ftp.sra.ebi.ac.uk/vol1/fastq/ERR417/008/ERR4173968/ERR4173968_2.fastq.gz"	46001528	"ftp.sra.ebi.ac.uk/vol1/run/ERR417/ERR4173968/BUCH2_R1_001.fastq.gz;ftp.sra.ebi.ac.uk/vol1/run/ERR417/ERR4173968/BUCH2_R2_001.fastq.gz"
"SAMEA6813564"	"PRJEB38152"	"ERR4173969"	"CBV95"	"CBV95"	"ERS4541207"	2020-05-25	2020-06-18	"NextSeq 500"	"PAIRED"	"GENOMIC"	"ILLUMINA"	"CBV95"	"WGS"	"fasp.sra.ebi.ac.uk:/vol1/fastq/ERR417/009/ERR4173969/ERR4173969_1.fastq.gz;fasp.sra.ebi.ac.uk:/vol1/fastq/ERR417/009/ERR4173969/ERR4173969_2.fastq.gz"	"369960611;378713614"	"867c16fbfb6428f1669f0648f6cd1745;42c63cce766f350867e62cacc1073cbd"	"ftp.sra.ebi.ac.uk/vol1/fastq/ERR417/009/ERR4173969/ERR4173969_1.fastq.gz;ftp.sra.ebi.ac.uk/vol1/fastq/ERR417/009/ERR4173969/ERR4173969_2.fastq.gz"	8585086	"ftp.sra.ebi.ac.uk/vol1/run/ERR417/ERR4173969/CBV95_R1_001.fastq.gz;ftp.sra.ebi.ac.uk/vol1/run/ERR417/ERR4173969/CBV95_R2_001.fastq.gz"
"SAMEA6813565"	"PRJEB38152"	"ERR4173970"	"COL11"	"COL11"	"ERS4541208"	2020-05-25	2020-06-18	"NextSeq 500"	"PAIRED"	"GENOMIC"	"ILLUMINA"	"COL11"	"WGS"	"fasp.sra.ebi.ac.uk:/vol1/fastq/ERR417/000/ERR4173970/ERR4173970_1.fastq.gz;fasp.sra.ebi.ac.uk:/vol1/fastq/ERR417/000/ERR4173970/ERR4173970_2.fastq.gz"	"519962373;531850294"	"69baa3b702be0b15e9739685c58564bc;33bb40a375e332220558030633502e2f"	"ftp.sra.ebi.ac.uk/vol1/fastq/ERR417/000/ERR4173970/ERR4173970_1.fastq.gz;ftp.sra.ebi.ac.uk/vol1/fastq/ERR417/000/ERR4173970/ERR4173970_2.fastq.gz"	12019269	"ftp.sra.ebi.ac.uk/vol1/run/ERR417/ERR4173970/COL11_R1_001.fastq.gz;ftp.sra.ebi.ac.uk/vol1/run/ERR417/ERR4173970/COL11_R2_001.fastq.gz"
"SAMEA6813566"	"PRJEB38152"	"ERR4173971"	"COL153A"	"COL153A"	"ERS4541209"	2020-05-25	2020-06-18	"NextSeq 500"	"PAIRED"	"GENOMIC"	"ILLUMINA"	"COL153A"	"WGS"	"fasp.sra.ebi.ac.uk:/vol1/fastq/ERR417/001/ERR4173971/ERR4173971_1.fastq.gz;fasp.sra.ebi.ac.uk:/vol1/fastq/ERR417/001/ERR4173971/ERR4173971_2.fastq.gz"	"474342663;489433897"	"890bbd33b5c04b3a38c9267ecfd53ddb;4e44fd9cc4a85e6bc3e95682f3fc7506"	"ftp.sra.ebi.ac.uk/vol1/fastq/ERR417/001/ERR4173971/ERR4173971_1.fastq.gz;ftp.sra.ebi.ac.uk/vol1/fastq/ERR417/001/ERR4173971/ERR4173971_2.fastq.gz"	11358449	"ftp.sra.ebi.ac.uk/vol1/run/ERR417/ERR4173971/COL153A_R1_001.fastq.gz;ftp.sra.ebi.ac.uk/vol1/run/ERR417/ERR4173971/COL153A_R2_001.fastq.gz"
"SAMEA6813567"	"PRJEB38152"	"ERR4173972"	"COL153i"	"COL153i"	"ERS4541210"	2020-05-25	2020-05-24	"NextSeq 500"	"PAIRED"	"GENOMIC"	"ILLUMINA"	"COL153i"	"WGS"	"fasp.sra.ebi.ac.uk:/vol1/fastq/ERR417/002/ERR4173972/ERR4173972.fastq.gz;fasp.sra.ebi.ac.uk:/vol1/fastq/ERR417/002/ERR4173972/ERR4173972_1.fastq.gz;fasp.sra.ebi.ac.uk:/vol1/fastq/ERR417/002/ERR4173972/ERR4173972_2.fastq.gz"	"145424424;135883040;139160760"	"cb3fdfa01f2f1b0d953edb5f78cf5fde;033b1c74ddd6440bb5b1211c27deb851;85df2a21826eb7672b6e538d973dbea2"	"ftp.sra.ebi.ac.uk/vol1/fastq/ERR417/002/ERR4173972/ERR4173972.fastq.gz;ftp.sra.ebi.ac.uk/vol1/fastq/ERR417/002/ERR4173972/ERR4173972_1.fastq.gz;ftp.sra.ebi.ac.uk/vol1/fastq/ERR417/002/ERR4173972/ERR4173972_2.fastq.gz"	7134044	"ftp.sra.ebi.ac.uk/vol1/run/ERR417/ERR4173972/COL153i_R1_001.fastq.gz;ftp.sra.ebi.ac.uk/vol1/run/ERR417/ERR4173972/COL153i_R2_001.fastq.gz"
"SAMEA6813569"	"PRJEB38152"	"ERR4173973"	"ERS1164"	"ERS1164"	"ERS4541212"	2020-05-25	2020-06-18	"NextSeq 500"	"PAIRED"	"GENOMIC"	"ILLUMINA"	"ERS1164"	"WGS"	"fasp.sra.ebi.ac.uk:/vol1/fastq/ERR417/003/ERR4173973/ERR4173973_1.fastq.gz;fasp.sra.ebi.ac.uk:/vol1/fastq/ERR417/003/ERR4173973/ERR4173973_2.fastq.gz"	"449312381;463213202"	"578c11577d4d31d2d373473d86fbfa58;a10cd88c6b0c83dc5224418a85359aec"	"ftp.sra.ebi.ac.uk/vol1/fastq/ERR417/003/ERR4173973/ERR4173973_1.fastq.gz;ftp.sra.ebi.ac.uk/vol1/fastq/ERR417/003/ERR4173973/ERR4173973_2.fastq.gz"	10357044	"ftp.sra.ebi.ac.uk/vol1/run/ERR417/ERR4173973/ERS1164_R1_001.fastq.gz;ftp.sra.ebi.ac.uk/vol1/run/ERR417/ERR4173973/ERS1164_R2_001.fastq.gz"
"SAMEA6813570"	"PRJEB38152"	"ERR4173974"	"ERS86"	"ERS86"	"ERS4541213"	2020-05-25	2020-06-18	"NextSeq 500"	"PAIRED"	"GENOMIC"	"ILLUMINA"	"ERS86"	"WGS"	"fasp.sra.ebi.ac.uk:/vol1/fastq/ERR417/004/ERR4173974/ERR4173974_1.fastq.gz;fasp.sra.ebi.ac.uk:/vol1/fastq/ERR417/004/ERR4173974/ERR4173974_2.fastq.gz"	"586683340;610131239"	"8ad80de9ab0375c6df09a2544b5807d6;2d052f76721b694898abd7520955ee7e"	"ftp.sra.ebi.ac.uk/vol1/fastq/ERR417/004/ERR4173974/ERR4173974_1.fastq.gz;ftp.sra.ebi.ac.uk/vol1/fastq/ERR417/004/ERR4173974/ERR4173974_2.fastq.gz"	13679886	"ftp.sra.ebi.ac.uk/vol1/run/ERR417/ERR4173974/ERS86_R1_001.fastq.gz;ftp.sra.ebi.ac.uk/vol1/run/ERR417/ERR4173974/ERS86_R2_001.fastq.gz"
"SAMEA6813571"	"PRJEB38152"	"ERR4173975"	"ERS88"	"ERS88"	"ERS4541214"	2020-05-25	2020-06-18	"NextSeq 500"	"PAIRED"	"GENOMIC"	"ILLUMINA"	"ERS88"	"WGS"	"fasp.sra.ebi.ac.uk:/vol1/fastq/ERR417/005/ERR4173975/ERR4173975_1.fastq.gz;fasp.sra.ebi.ac.uk:/vol1/fastq/ERR417/005/ERR4173975/ERR4173975_2.fastq.gz"	"275396334;295896249"	"307cab588d270cde53051b79cdbb098b;cced64e12704f4314321576d6859a6d8"	"ftp.sra.ebi.ac.uk/vol1/fastq/ERR417/005/ERR4173975/ERR4173975_1.fastq.gz;ftp.sra.ebi.ac.uk/vol1/fastq/ERR417/005/ERR4173975/ERR4173975_2.fastq.gz"	6308532	"ftp.sra.ebi.ac.uk/vol1/run/ERR417/ERR4173975/ERS88_R1_001.fastq.gz;ftp.sra.ebi.ac.uk/vol1/run/ERR417/ERR4173975/ERS88_R2_001.fastq.gz"
"SAMEA6813572"	"PRJEB38152"	"ERR4173976"	"Es97-1"	"Es97-1"	"ERS4541215"	2020-05-25	2020-06-18	"NextSeq 500"	"PAIRED"	"GENOMIC"	"ILLUMINA"	"Es97-1"	"WGS"	"fasp.sra.ebi.ac.uk:/vol1/fastq/ERR417/006/ERR4173976/ERR4173976_1.fastq.gz;fasp.sra.ebi.ac.uk:/vol1/fastq/ERR417/006/ERR4173976/ERR4173976_2.fastq.gz"	"1105382628;1128977187"	"5916277233c1c917df6febd58e6562a2;d9c872c05b708614dafe4e9da5b18db0"	"ftp.sra.ebi.ac.uk/vol1/fastq/ERR417/006/ERR4173976/ERR4173976_1.fastq.gz;ftp.sra.ebi.ac.uk/vol1/fastq/ERR417/006/ERR4173976/ERR4173976_2.fastq.gz"	24085402	"ftp.sra.ebi.ac.uk/vol1/run/ERR417/ERR4173976/Es97-1_R1_001.fastq.gz;ftp.sra.ebi.ac.uk/vol1/run/ERR417/ERR4173976/Es97-1_R2_001.fastq.gz"
"SAMEA6813573"	"PRJEB38152"	"ERR4173977"	"EUG11"	"EUG11"	"ERS4541216"	2020-05-25	2020-06-18	"NextSeq 500"	"PAIRED"	"GENOMIC"	"ILLUMINA"	"EUG11"	"WGS"	"fasp.sra.ebi.ac.uk:/vol1/fastq/ERR417/007/ERR4173977/ERR4173977_1.fastq.gz;fasp.sra.ebi.ac.uk:/vol1/fastq/ERR417/007/ERR4173977/ERR4173977_2.fastq.gz"	"1905907549;1944157606"	"8f8c2ced43a90d5d221be3daa6bc25a0;3ed66e29ee31c80a8b58dfd6235f2588"	"ftp.sra.ebi.ac.uk/vol1/fastq/ERR417/007/ERR4173977/ERR4173977_1.fastq.gz;ftp.sra.ebi.ac.uk/vol1/fastq/ERR417/007/ERR4173977/ERR4173977_2.fastq.gz"	41089089	"ftp.sra.ebi.ac.uk/vol1/run/ERR417/ERR4173977/EUG11_R1_001.fastq.gz;ftp.sra.ebi.ac.uk/vol1/run/ERR417/ERR4173977/EUG11_R2_001.fastq.gz"
"SAMEA6813574"	"PRJEB38152"	"ERR4173978"	"Jeb8"	"Jeb8"	"ERS4541217"	2020-05-25	2020-06-18	"NextSeq 500"	"PAIRED"	"GENOMIC"	"ILLUMINA"	"Jeb8"	"WGS"	"fasp.sra.ebi.ac.uk:/vol1/fastq/ERR417/008/ERR4173978/ERR4173978_1.fastq.gz;fasp.sra.ebi.ac.uk:/vol1/fastq/ERR417/008/ERR4173978/ERR4173978_2.fastq.gz"	"389152775;398899327"	"e580aebbf521562c3c5d61636d147636;ce28832409f053cddc05fcf4db6fa7d2"	"ftp.sra.ebi.ac.uk/vol1/fastq/ERR417/008/ERR4173978/ERR4173978_1.fastq.gz;ftp.sra.ebi.ac.uk/vol1/fastq/ERR417/008/ERR4173978/ERR4173978_2.fastq.gz"	9116437	"ftp.sra.ebi.ac.uk/vol1/run/ERR417/ERR4173978/Jeb8_R1_001.fastq.gz;ftp.sra.ebi.ac.uk/vol1/run/ERR417/ERR4173978/Jeb8_R2_001.fastq.gz"
"SAMEA6813575"	"PRJEB38152"	"ERR4173979"	"MDV248"	"MDV248"	"ERS4541218"	2020-05-25	2020-06-18	"NextSeq 500"	"PAIRED"	"GENOMIC"	"ILLUMINA"	"MDV248"	"WGS"	"fasp.sra.ebi.ac.uk:/vol1/fastq/ERR417/009/ERR4173979/ERR4173979_1.fastq.gz;fasp.sra.ebi.ac.uk:/vol1/fastq/ERR417/009/ERR4173979/ERR4173979_2.fastq.gz"	"915623915;937999452"	"6dfd98107bfc897127cd91921757b4cc;6eb268d77f93971ed9e342bc4e214465"	"ftp.sra.ebi.ac.uk/vol1/fastq/ERR417/009/ERR4173979/ERR4173979_1.fastq.gz;ftp.sra.ebi.ac.uk/vol1/fastq/ERR417/009/ERR4173979/ERR4173979_2.fastq.gz"	21407224	"ftp.sra.ebi.ac.uk/vol1/run/ERR417/ERR4173979/MDV248_R1_001.fastq.gz;ftp.sra.ebi.ac.uk/vol1/run/ERR417/ERR4173979/MDV248_R2_001.fastq.gz"
"SAMEA6813576"	"PRJEB38152"	"ERR4173980"	"Mor6"	"Mor6"	"ERS4541219"	2020-05-25	2020-06-18	"NextSeq 500"	"PAIRED"	"GENOMIC"	"ILLUMINA"	"Mor6"	"WGS"	"fasp.sra.ebi.ac.uk:/vol1/fastq/ERR417/000/ERR4173980/ERR4173980_1.fastq.gz;fasp.sra.ebi.ac.uk:/vol1/fastq/ERR417/000/ERR4173980/ERR4173980_2.fastq.gz"	"494833134;509612208"	"891ea65d2c98eb402b949cf9939ef266;1504feeaf07aee7b4e01b09aa73a4d69"	"ftp.sra.ebi.ac.uk/vol1/fastq/ERR417/000/ERR4173980/ERR4173980_1.fastq.gz;ftp.sra.ebi.ac.uk/vol1/fastq/ERR417/000/ERR4173980/ERR4173980_2.fastq.gz"	10567733	"ftp.sra.ebi.ac.uk/vol1/run/ERR417/ERR4173980/Mor6_R1_001.fastq.gz;ftp.sra.ebi.ac.uk/vol1/run/ERR417/ERR4173980/Mor6_R2_001.fastq.gz"
"SAMEA6813578"	"PRJEB38152"	"ERR4173981"	"NOR2B6"	"NOR2B6"	"ERS4541221"	2020-05-25	2020-06-18	"NextSeq 500"	"PAIRED"	"GENOMIC"	"ILLUMINA"	"NOR2B6"	"WGS"	"fasp.sra.ebi.ac.uk:/vol1/fastq/ERR417/001/ERR4173981/ERR4173981_1.fastq.gz;fasp.sra.ebi.ac.uk:/vol1/fastq/ERR417/001/ERR4173981/ERR4173981_2.fastq.gz"	"482886288;497327645"	"42eec902ea32a8da39fa55c9e0e9a0e7;86d78bdb61bd42e19152e271e05496af"	"ftp.sra.ebi.ac.uk/vol1/fastq/ERR417/001/ERR4173981/ERR4173981_1.fastq.gz;ftp.sra.ebi.ac.uk/vol1/fastq/ERR417/001/ERR4173981/ERR4173981_2.fastq.gz"	11022515	"ftp.sra.ebi.ac.uk/vol1/run/ERR417/ERR4173981/NOR2B6_R1_001.fastq.gz;ftp.sra.ebi.ac.uk/vol1/run/ERR417/ERR4173981/NOR2B6_R2_001.fastq.gz"
"SAMEA6813579"	"PRJEB38152"	"ERR4173982"	"NOR3-15"	"NOR3-15"	"ERS4541222"	2020-05-25	2020-06-18	"NextSeq 500"	"PAIRED"	"GENOMIC"	"ILLUMINA"	"NOR3-15"	"WGS"	"fasp.sra.ebi.ac.uk:/vol1/fastq/ERR417/002/ERR4173982/ERR4173982_1.fastq.gz;fasp.sra.ebi.ac.uk:/vol1/fastq/ERR417/002/ERR4173982/ERR4173982_2.fastq.gz"	"382828508;393473898"	"674022fd95a1380f1f622f4189aeac2c;61481be31b0afe6ad93f38741f047e2b"	"ftp.sra.ebi.ac.uk/vol1/fastq/ERR417/002/ERR4173982/ERR4173982_1.fastq.gz;ftp.sra.ebi.ac.uk/vol1/fastq/ERR417/002/ERR4173982/ERR4173982_2.fastq.gz"	8667308	"ftp.sra.ebi.ac.uk/vol1/run/ERR417/ERR4173982/NOR3-15_R1_001.fastq.gz;ftp.sra.ebi.ac.uk/vol1/run/ERR417/ERR4173982/NOR3-15_R2_001.fastq.gz"
"SAMEA6813580"	"PRJEB38152"	"ERR4173983"	"NOR3-6"	"NOR3-6"	"ERS4541223"	2020-05-25	2020-06-18	"NextSeq 500"	"PAIRED"	"GENOMIC"	"ILLUMINA"	"NOR3-6"	"WGS"	"fasp.sra.ebi.ac.uk:/vol1/fastq/ERR417/003/ERR4173983/ERR4173983_1.fastq.gz;fasp.sra.ebi.ac.uk:/vol1/fastq/ERR417/003/ERR4173983/ERR4173983_2.fastq.gz"	"365867296;376756494"	"d0109848cdb9f3b64619e7056d25469c;f0b49b215da6807c400a1009f51ecd48"	"ftp.sra.ebi.ac.uk/vol1/fastq/ERR417/003/ERR4173983/ERR4173983_1.fastq.gz;ftp.sra.ebi.ac.uk/vol1/fastq/ERR417/003/ERR4173983/ERR4173983_2.fastq.gz"	8527161	"ftp.sra.ebi.ac.uk/vol1/run/ERR417/ERR4173983/NOR3-6_R1_001.fastq.gz;ftp.sra.ebi.ac.uk/vol1/run/ERR417/ERR4173983/NOR3-6_R2_001.fastq.gz"
"SAMEA6813581"	"PRJEB38152"	"ERR4173984"	"NOR4"	"NOR4"	"ERS4541224"	2020-05-25	2020-06-18	"NextSeq 500"	"PAIRED"	"GENOMIC"	"ILLUMINA"	"NOR4"	"WGS"	"fasp.sra.ebi.ac.uk:/vol1/fastq/ERR417/004/ERR4173984/ERR4173984_1.fastq.gz;fasp.sra.ebi.ac.uk:/vol1/fastq/ERR417/004/ERR4173984/ERR4173984_2.fastq.gz"	"408822749;431382353"	"b0c02f9cf686ebe56607dc5c74d2293e;68d62e9c942defbe424cd7ddc2323fcf"	"ftp.sra.ebi.ac.uk/vol1/fastq/ERR417/004/ERR4173984/ERR4173984_1.fastq.gz;ftp.sra.ebi.ac.uk/vol1/fastq/ERR417/004/ERR4173984/ERR4173984_2.fastq.gz"	9931487	"ftp.sra.ebi.ac.uk/vol1/run/ERR417/ERR4173984/NOR4_R1_001.fastq.gz;ftp.sra.ebi.ac.uk/vol1/run/ERR417/ERR4173984/NOR4_R2_001.fastq.gz"
"SAMEA6813582"	"PRJEB38152"	"ERR4173985"	"OBE3626-1"	"OBE3626-1"	"ERS4541225"	2020-05-25	2020-06-18	"NextSeq 500"	"PAIRED"	"GENOMIC"	"ILLUMINA"	"OBE3626-1"	"WGS"	"fasp.sra.ebi.ac.uk:/vol1/fastq/ERR417/005/ERR4173985/ERR4173985_1.fastq.gz;fasp.sra.ebi.ac.uk:/vol1/fastq/ERR417/005/ERR4173985/ERR4173985_2.fastq.gz"	"525533552;539086948"	"0b7c512b3be2c3c03f6a575a80955cff;20e83e11cde39e23211889edd59a1489"	"ftp.sra.ebi.ac.uk/vol1/fastq/ERR417/005/ERR4173985/ERR4173985_1.fastq.gz;ftp.sra.ebi.ac.uk/vol1/fastq/ERR417/005/ERR4173985/ERR4173985_2.fastq.gz"	11213413	"ftp.sra.ebi.ac.uk/vol1/run/ERR417/ERR4173985/OBE3626-1_R1_001.fastq.gz;ftp.sra.ebi.ac.uk/vol1/run/ERR417/ERR4173985/OBE3626-1_R2_001.fastq.gz"
"SAMEA6813583"	"PRJEB38152"	"ERR4173986"	"OBE3722"	"OBE3722"	"ERS4541226"	2020-05-25	2020-06-18	"NextSeq 500"	"PAIRED"	"GENOMIC"	"ILLUMINA"	"OBE3722"	"WGS"	"fasp.sra.ebi.ac.uk:/vol1/fastq/ERR417/006/ERR4173986/ERR4173986_1.fastq.gz;fasp.sra.ebi.ac.uk:/vol1/fastq/ERR417/006/ERR4173986/ERR4173986_2.fastq.gz"	"412591087;426321487"	"7d09aebd6aa2f7b8c2fae3e5856ae30f;0f69ea49c04a0e2789ed79259f327188"	"ftp.sra.ebi.ac.uk/vol1/fastq/ERR417/006/ERR4173986/ERR4173986_1.fastq.gz;ftp.sra.ebi.ac.uk/vol1/fastq/ERR417/006/ERR4173986/ERR4173986_2.fastq.gz"	9306044	"ftp.sra.ebi.ac.uk/vol1/run/ERR417/ERR4173986/OBE3722_R1_001.fastq.gz;ftp.sra.ebi.ac.uk/vol1/run/ERR417/ERR4173986/OBE3722_R2_001.fastq.gz"
"SAMEA6813584"	"PRJEB38152"	"ERR4173987"	"PECH5"	"PECH5"	"ERS4541227"	2020-05-25	2020-06-18	"NextSeq 500"	"PAIRED"	"GENOMIC"	"ILLUMINA"	"PECH5"	"WGS"	"fasp.sra.ebi.ac.uk:/vol1/fastq/ERR417/007/ERR4173987/ERR4173987_1.fastq.gz;fasp.sra.ebi.ac.uk:/vol1/fastq/ERR417/007/ERR4173987/ERR4173987_2.fastq.gz"	"111870546;114656530"	"f003d9a6581ef3ef3d8d25d49603904c;712b38e8ac0d2a9b2558f976f350438d"	"ftp.sra.ebi.ac.uk/vol1/fastq/ERR417/007/ERR4173987/ERR4173987_1.fastq.gz;ftp.sra.ebi.ac.uk/vol1/fastq/ERR417/007/ERR4173987/ERR4173987_2.fastq.gz"	2588614	"ftp.sra.ebi.ac.uk/vol1/run/ERR417/ERR4173987/PECH5_R1_001.fastq.gz;ftp.sra.ebi.ac.uk/vol1/run/ERR417/ERR4173987/PECH5_R2_001.fastq.gz"
"SAMEA6813585"	"PRJEB38152"	"ERR4173988"	"PECH8"	"PECH8"	"ERS4541228"	2020-05-25	2020-06-18	"NextSeq 500"	"PAIRED"	"GENOMIC"	"ILLUMINA"	"PECH8"	"WGS"	"fasp.sra.ebi.ac.uk:/vol1/fastq/ERR417/008/ERR4173988/ERR4173988_1.fastq.gz;fasp.sra.ebi.ac.uk:/vol1/fastq/ERR417/008/ERR4173988/ERR4173988_2.fastq.gz"	"364301965;376174147"	"9e0d6dc932f1741610e85e544b8f4241;3dcfc1872d994d7273165b503d196400"	"ftp.sra.ebi.ac.uk/vol1/fastq/ERR417/008/ERR4173988/ERR4173988_1.fastq.gz;ftp.sra.ebi.ac.uk/vol1/fastq/ERR417/008/ERR4173988/ERR4173988_2.fastq.gz"	8527363	"ftp.sra.ebi.ac.uk/vol1/run/ERR417/ERR4173988/PECH8_R1_001.fastq.gz;ftp.sra.ebi.ac.uk/vol1/run/ERR417/ERR4173988/PECH8_R2_001.fastq.gz"
"SAMEA6813586"	"PRJEB38152"	"ERR4173989"	"PEI10"	"PEI10"	"ERS4541229"	2020-05-25	2020-06-18	"NextSeq 500"	"PAIRED"	"GENOMIC"	"ILLUMINA"	"PEI10"	"WGS"	"fasp.sra.ebi.ac.uk:/vol1/fastq/ERR417/009/ERR4173989/ERR4173989_1.fastq.gz;fasp.sra.ebi.ac.uk:/vol1/fastq/ERR417/009/ERR4173989/ERR4173989_2.fastq.gz"	"727419136;758086371"	"ddabdd4ca6b353715b2f7bd6c5699c25;c3b791747a360e71b01ebcbd11623da5"	"ftp.sra.ebi.ac.uk/vol1/fastq/ERR417/009/ERR4173989/ERR4173989_1.fastq.gz;ftp.sra.ebi.ac.uk/vol1/fastq/ERR417/009/ERR4173989/ERR4173989_2.fastq.gz"	17312422	"ftp.sra.ebi.ac.uk/vol1/run/ERR417/ERR4173989/PEI10_R1_001.fastq.gz;ftp.sra.ebi.ac.uk/vol1/run/ERR417/ERR4173989/PEI10_R2_001.fastq.gz"
"SAMEA6813587"	"PRJEB38152"	"ERR4173990"	"PEI2"	"PEI2"	"ERS4541230"	2020-05-25	2020-06-19	"NextSeq 500"	"PAIRED"	"GENOMIC"	"ILLUMINA"	"PEI2"	"WGS"	"fasp.sra.ebi.ac.uk:/vol1/fastq/ERR417/000/ERR4173990/ERR4173990_1.fastq.gz;fasp.sra.ebi.ac.uk:/vol1/fastq/ERR417/000/ERR4173990/ERR4173990_2.fastq.gz"	"3476771282;3499550749"	"7fcfe88e69bdfce5bef3d672c1a386de;91ad656fb88242b9cd1a0585b31b3a5f"	"ftp.sra.ebi.ac.uk/vol1/fastq/ERR417/000/ERR4173990/ERR4173990_1.fastq.gz;ftp.sra.ebi.ac.uk/vol1/fastq/ERR417/000/ERR4173990/ERR4173990_2.fastq.gz"	80245149	"ftp.sra.ebi.ac.uk/vol1/run/ERR417/ERR4173990/PEI2_R1_001.fastq.gz;ftp.sra.ebi.ac.uk/vol1/run/ERR417/ERR4173990/PEI2_R2_001.fastq.gz"
"SAMEA6813588"	"PRJEB38152"	"ERR4173991"	"PER1150503"	"PER1150503"	"ERS4541231"	2020-05-25	2020-06-18	"NextSeq 500"	"PAIRED"	"GENOMIC"	"ILLUMINA"	"PER1150C"	"WGS"	"fasp.sra.ebi.ac.uk:/vol1/fastq/ERR417/001/ERR4173991/ERR4173991_1.fastq.gz;fasp.sra.ebi.ac.uk:/vol1/fastq/ERR417/001/ERR4173991/ERR4173991_2.fastq.gz"	"401297207;410248184"	"2b2d9f7b188f6e023799cf8af46bc520;35049e0d7eacad01447efcb4b2f5139c"	"ftp.sra.ebi.ac.uk/vol1/fastq/ERR417/001/ERR4173991/ERR4173991_1.fastq.gz;ftp.sra.ebi.ac.uk/vol1/fastq/ERR417/001/ERR4173991/ERR4173991_2.fastq.gz"	9235204	"ftp.sra.ebi.ac.uk/vol1/run/ERR417/ERR4173991/PER1150C_R1_001.fastq.gz;ftp.sra.ebi.ac.uk/vol1/run/ERR417/ERR4173991/PER1150C_R2_001.fastq.gz"
"SAMEA6813589"	"PRJEB38152"	"ERR4173992"	"PER3023"	"PER3023"	"ERS4541232"	2020-05-25	2020-06-18	"NextSeq 500"	"PAIRED"	"GENOMIC"	"ILLUMINA"	"PER3023"	"WGS"	"fasp.sra.ebi.ac.uk:/vol1/fastq/ERR417/002/ERR4173992/ERR4173992_1.fastq.gz;fasp.sra.ebi.ac.uk:/vol1/fastq/ERR417/002/ERR4173992/ERR4173992_2.fastq.gz"	"426795193;438497918"	"e5080b1a17f566d873ce6a8bb7295bd0;9a6bf4b956a1ef054ca537c04a11fd0f"	"ftp.sra.ebi.ac.uk/vol1/fastq/ERR417/002/ERR4173992/ERR4173992_1.fastq.gz;ftp.sra.ebi.ac.uk/vol1/fastq/ERR417/002/ERR4173992/ERR4173992_2.fastq.gz"	9773321	"ftp.sra.ebi.ac.uk/vol1/run/ERR417/ERR4173992/PER3023_R1_001.fastq.gz;ftp.sra.ebi.ac.uk/vol1/run/ERR417/ERR4173992/PER3023_R2_001.fastq.gz"
"SAMEA6813590"	"PRJEB38152"	"ERR4173993"	"PER3123"	"PER3123"	"ERS4541233"	2020-05-25	2020-06-18	"NextSeq 500"	"PAIRED"	"GENOMIC"	"ILLUMINA"	"PER3123"	"WGS"	"fasp.sra.ebi.ac.uk:/vol1/fastq/ERR417/003/ERR4173993/ERR4173993_1.fastq.gz;fasp.sra.ebi.ac.uk:/vol1/fastq/ERR417/003/ERR4173993/ERR4173993_2.fastq.gz"	"353951285;364786558"	"eedf2444ebffbce6858be590c30e1865;33713e40739ce5d18da3172a8c2c71b7"	"ftp.sra.ebi.ac.uk/vol1/fastq/ERR417/003/ERR4173993/ERR4173993_1.fastq.gz;ftp.sra.ebi.ac.uk/vol1/fastq/ERR417/003/ERR4173993/ERR4173993_2.fastq.gz"	8108521	"ftp.sra.ebi.ac.uk/vol1/run/ERR417/ERR4173993/PER3123_R1_001.fastq.gz;ftp.sra.ebi.ac.uk/vol1/run/ERR417/ERR4173993/PER3123_R2_001.fastq.gz"
"SAMEA6813588"	"PRJEB38152"	"ERR4173994"	"PER1150503"	"PER1150503"	"ERS4541231"	2020-05-25	2020-06-18	"NextSeq 500"	"PAIRED"	"GENOMIC"	"ILLUMINA"	"PER503"	"WGS"	"fasp.sra.ebi.ac.uk:/vol1/fastq/ERR417/004/ERR4173994/ERR4173994_1.fastq.gz;fasp.sra.ebi.ac.uk:/vol1/fastq/ERR417/004/ERR4173994/ERR4173994_2.fastq.gz"	"445478037;457692595"	"c24aaad4d105b55ea26554ec4e9ad636;19bc258cd59ded660062896048e3047f"	"ftp.sra.ebi.ac.uk/vol1/fastq/ERR417/004/ERR4173994/ERR4173994_1.fastq.gz;ftp.sra.ebi.ac.uk/vol1/fastq/ERR417/004/ERR4173994/ERR4173994_2.fastq.gz"	10296627	"ftp.sra.ebi.ac.uk/vol1/run/ERR417/ERR4173994/PER503_R1_001.fastq.gz;ftp.sra.ebi.ac.uk/vol1/run/ERR417/ERR4173994/PER503_R2_001.fastq.gz"
"SAMEA6813591"	"PRJEB38152"	"ERR4173995"	"PEY163"	"PEY163"	"ERS4541234"	2020-05-25	2020-06-18	"NextSeq 500"	"PAIRED"	"GENOMIC"	"ILLUMINA"	"PEY163"	"WGS"	"fasp.sra.ebi.ac.uk:/vol1/fastq/ERR417/005/ERR4173995/ERR4173995_1.fastq.gz;fasp.sra.ebi.ac.uk:/vol1/fastq/ERR417/005/ERR4173995/ERR4173995_2.fastq.gz"	"378219451;390959547"	"164a7afb2ef91011afe944d290ddb71a;4b740dd43671251f88ccd2df0cab7240"	"ftp.sra.ebi.ac.uk/vol1/fastq/ERR417/005/ERR4173995/ERR4173995_1.fastq.gz;ftp.sra.ebi.ac.uk/vol1/fastq/ERR417/005/ERR4173995/ERR4173995_2.fastq.gz"	8723082	"ftp.sra.ebi.ac.uk/vol1/run/ERR417/ERR4173995/PEY163_R1_001.fastq.gz;ftp.sra.ebi.ac.uk/vol1/run/ERR417/ERR4173995/PEY163_R2_001.fastq.gz"
"SAMEA6813592"	"PRJEB38152"	"ERR4173996"	"PEY53"	"PEY53"	"ERS4541235"	2020-05-25	2020-06-18	"NextSeq 500"	"PAIRED"	"GENOMIC"	"ILLUMINA"	"PEY53"	"WGS"	"fasp.sra.ebi.ac.uk:/vol1/fastq/ERR417/006/ERR4173996/ERR4173996_1.fastq.gz;fasp.sra.ebi.ac.uk:/vol1/fastq/ERR417/006/ERR4173996/ERR4173996_2.fastq.gz"	"393492754;410423783"	"6ea0b49912569ed49c47bc1dab0741cf;407c62884672505e049cd291146b251d"	"ftp.sra.ebi.ac.uk/vol1/fastq/ERR417/006/ERR4173996/ERR4173996_1.fastq.gz;ftp.sra.ebi.ac.uk/vol1/fastq/ERR417/006/ERR4173996/ERR4173996_2.fastq.gz"	9144337	"ftp.sra.ebi.ac.uk/vol1/run/ERR417/ERR4173996/PEY53_R1_001.fastq.gz;ftp.sra.ebi.ac.uk/vol1/run/ERR417/ERR4173996/PEY53_R2_001.fastq.gz"
"SAMEA6813593"	"PRJEB38152"	"ERR4173997"	"PIR3037AB"	"PIR3037AB"	"ERS4541236"	2020-05-25	2020-06-18	"NextSeq 500"	"PAIRED"	"GENOMIC"	"ILLUMINA"	"PIR3037AB"	"WGS"	"fasp.sra.ebi.ac.uk:/vol1/fastq/ERR417/007/ERR4173997/ERR4173997_1.fastq.gz;fasp.sra.ebi.ac.uk:/vol1/fastq/ERR417/007/ERR4173997/ERR4173997_2.fastq.gz"	"400314158;409919882"	"68a3839dd8a13aa5d0a4eb1c5a99694f;3345e2c61f1d93dd2e9824bc2ec9d358"	"ftp.sra.ebi.ac.uk/vol1/fastq/ERR417/007/ERR4173997/ERR4173997_1.fastq.gz;ftp.sra.ebi.ac.uk/vol1/fastq/ERR417/007/ERR4173997/ERR4173997_2.fastq.gz"	9480679	"ftp.sra.ebi.ac.uk/vol1/run/ERR417/ERR4173997/PIR3037AB_R1_001.fastq.gz;ftp.sra.ebi.ac.uk/vol1/run/ERR417/ERR4173997/PIR3037AB_R2_001.fastq.gz"
"SAMEA6813594"	"PRJEB38152"	"ERR4173998"	"PIR3116B"	"PIR3116B"	"ERS4541237"	2020-05-25	2020-06-18	"NextSeq 500"	"PAIRED"	"GENOMIC"	"ILLUMINA"	"PIR3116B"	"WGS"	"fasp.sra.ebi.ac.uk:/vol1/fastq/ERR417/008/ERR4173998/ERR4173998_1.fastq.gz;fasp.sra.ebi.ac.uk:/vol1/fastq/ERR417/008/ERR4173998/ERR4173998_2.fastq.gz"	"458120580;469975444"	"9171e68b5ec91aa4fe4447899a2847d3;205765302f3422f84f9708784da470c8"	"ftp.sra.ebi.ac.uk/vol1/fastq/ERR417/008/ERR4173998/ERR4173998_1.fastq.gz;ftp.sra.ebi.ac.uk/vol1/fastq/ERR417/008/ERR4173998/ERR4173998_2.fastq.gz"	10782969	"ftp.sra.ebi.ac.uk/vol1/run/ERR417/ERR4173998/PIR3116B_R1_001.fastq.gz;ftp.sra.ebi.ac.uk/vol1/run/ERR417/ERR4173998/PIR3116B_R2_001.fastq.gz"
"SAMEA6813595"	"PRJEB38152"	"ERR4173999"	"Pir4"	"Pir4"	"ERS4541238"	2020-05-25	2020-06-18	"NextSeq 500"	"PAIRED"	"GENOMIC"	"ILLUMINA"	"Pir4"	"WGS"	"fasp.sra.ebi.ac.uk:/vol1/fastq/ERR417/009/ERR4173999/ERR4173999_1.fastq.gz;fasp.sra.ebi.ac.uk:/vol1/fastq/ERR417/009/ERR4173999/ERR4173999_2.fastq.gz"	"686415708;723813768"	"9bb4c02048f465873e6c12d0e3296bb1;4405186d7bd6d54bb2b2be229d8b52c4"	"ftp.sra.ebi.ac.uk/vol1/fastq/ERR417/009/ERR4173999/ERR4173999_1.fastq.gz;ftp.sra.ebi.ac.uk/vol1/fastq/ERR417/009/ERR4173999/ERR4173999_2.fastq.gz"	15272086	"ftp.sra.ebi.ac.uk/vol1/run/ERR417/ERR4173999/Pir4_R1_001.fastq.gz;ftp.sra.ebi.ac.uk/vol1/run/ERR417/ERR4173999/Pir4_R2_001.fastq.gz"
"SAMEA6813596"	"PRJEB38152"	"ERR4174000"	"Pir6"	"Pir6"	"ERS4541239"	2020-05-25	2020-06-18	"NextSeq 500"	"PAIRED"	"GENOMIC"	"ILLUMINA"	"Pir6"	"WGS"	"fasp.sra.ebi.ac.uk:/vol1/fastq/ERR417/000/ERR4174000/ERR4174000_1.fastq.gz;fasp.sra.ebi.ac.uk:/vol1/fastq/ERR417/000/ERR4174000/ERR4174000_2.fastq.gz"	"351452233;361842339"	"98154ff4ef203a74ddb4f1b515b34c5b;a15c42d3b084a05f9e6bd32b878e787d"	"ftp.sra.ebi.ac.uk/vol1/fastq/ERR417/000/ERR4174000/ERR4174000_1.fastq.gz;ftp.sra.ebi.ac.uk/vol1/fastq/ERR417/000/ERR4174000/ERR4174000_2.fastq.gz"	8284560	"ftp.sra.ebi.ac.uk/vol1/run/ERR417/ERR4174000/Pir6_R1_001.fastq.gz;ftp.sra.ebi.ac.uk/vol1/run/ERR417/ERR4174000/Pir6_R2_001.fastq.gz"
"SAMEA6813597"	"PRJEB38152"	"ERR4174001"	"PSS4170"	"PSS4170"	"ERS4541240"	2020-05-25	2020-06-18	"NextSeq 500"	"PAIRED"	"GENOMIC"	"ILLUMINA"	"PSS4170"	"WGS"	"fasp.sra.ebi.ac.uk:/vol1/fastq/ERR417/001/ERR4174001/ERR4174001_1.fastq.gz;fasp.sra.ebi.ac.uk:/vol1/fastq/ERR417/001/ERR4174001/ERR4174001_2.fastq.gz"	"2185173936;2247381738"	"c68959141035923c07c0eac578de93aa;0325a8e5a5cf50df2d899b700416fb5e"	"ftp.sra.ebi.ac.uk/vol1/fastq/ERR417/001/ERR4174001/ERR4174001_1.fastq.gz;ftp.sra.ebi.ac.uk/vol1/fastq/ERR417/001/ERR4174001/ERR4174001_2.fastq.gz"	46715608	"ftp.sra.ebi.ac.uk/vol1/run/ERR417/ERR4174001/PSS4170_R1_001.fastq.gz;ftp.sra.ebi.ac.uk/vol1/run/ERR417/ERR4174001/PSS4170_R2_001.fastq.gz"
"SAMEA6813598"	"PRJEB38152"	"ERR4174002"	"PSS4693"	"PSS4693"	"ERS4541241"	2020-05-25	2020-06-18	"NextSeq 500"	"PAIRED"	"GENOMIC"	"ILLUMINA"	"PSS4693"	"WGS"	"fasp.sra.ebi.ac.uk:/vol1/fastq/ERR417/002/ERR4174002/ERR4174002_1.fastq.gz;fasp.sra.ebi.ac.uk:/vol1/fastq/ERR417/002/ERR4174002/ERR4174002_2.fastq.gz"	"2048784015;2095880230"	"9ae48d3582ae2ef89b83bed46d1a5d59;30519db93df1aafc2d4175ee317621f9"	"ftp.sra.ebi.ac.uk/vol1/fastq/ERR417/002/ERR4174002/ERR4174002_1.fastq.gz;ftp.sra.ebi.ac.uk/vol1/fastq/ERR417/002/ERR4174002/ERR4174002_2.fastq.gz"	44115665	"ftp.sra.ebi.ac.uk/vol1/run/ERR417/ERR4174002/PSS4693_R1_001.fastq.gz;ftp.sra.ebi.ac.uk/vol1/run/ERR417/ERR4174002/PSS4693_R2_001.fastq.gz"
"SAMEA6813599"	"PRJEB38152"	"ERR4174003"	"PT2"	"PT2"	"ERS4541242"	2020-05-25	2020-06-18	"NextSeq 500"	"PAIRED"	"GENOMIC"	"ILLUMINA"	"PT2"	"WGS"	"fasp.sra.ebi.ac.uk:/vol1/fastq/ERR417/003/ERR4174003/ERR4174003_1.fastq.gz;fasp.sra.ebi.ac.uk:/vol1/fastq/ERR417/003/ERR4174003/ERR4174003_2.fastq.gz"	"361856842;370166457"	"b3d304d54f8a02fba2ba27ac7e404dc0;77e67298b60075fae42f924400f31216"	"ftp.sra.ebi.ac.uk/vol1/fastq/ERR417/003/ERR4174003/ERR4174003_1.fastq.gz;ftp.sra.ebi.ac.uk/vol1/fastq/ERR417/003/ERR4174003/ERR4174003_2.fastq.gz"	8228537	"ftp.sra.ebi.ac.uk/vol1/run/ERR417/ERR4174003/PT2_R1_001.fastq.gz;ftp.sra.ebi.ac.uk/vol1/run/ERR417/ERR4174003/PT2_R2_001.fastq.gz"
"SAMEA6813600"	"PRJEB38152"	"ERR4174004"	"QUIN234"	"QUIN234"	"ERS4541243"	2020-05-25	2020-06-18	"NextSeq 500"	"PAIRED"	"GENOMIC"	"ILLUMINA"	"QUIN234"	"WGS"	"fasp.sra.ebi.ac.uk:/vol1/fastq/ERR417/004/ERR4174004/ERR4174004_1.fastq.gz;fasp.sra.ebi.ac.uk:/vol1/fastq/ERR417/004/ERR4174004/ERR4174004_2.fastq.gz"	"589290593;605118225"	"c0fe3e045d6e602442193d913278c03c;da933a3ccd5c97a4a0e672b651abc5bc"	"ftp.sra.ebi.ac.uk/vol1/fastq/ERR417/004/ERR4174004/ERR4174004_1.fastq.gz;ftp.sra.ebi.ac.uk/vol1/fastq/ERR417/004/ERR4174004/ERR4174004_2.fastq.gz"	13874330	"ftp.sra.ebi.ac.uk/vol1/run/ERR417/ERR4174004/QUIN234_R1_001.fastq.gz;ftp.sra.ebi.ac.uk/vol1/run/ERR417/ERR4174004/QUIN234_R2_001.fastq.gz"
"SAMEA6813601"	"PRJEB38152"	"ERR4174005"	"QUIN58"	"QUIN58"	"ERS4541244"	2020-05-25	2020-06-18	"NextSeq 500"	"PAIRED"	"GENOMIC"	"ILLUMINA"	"QUIN58"	"WGS"	"fasp.sra.ebi.ac.uk:/vol1/fastq/ERR417/005/ERR4174005/ERR4174005_1.fastq.gz;fasp.sra.ebi.ac.uk:/vol1/fastq/ERR417/005/ERR4174005/ERR4174005_2.fastq.gz"	"429852427;439106954"	"c76112ae86d53123cb642d49b9683f65;01ef0ad4b48cc6a09d1e577b9b2c2e61"	"ftp.sra.ebi.ac.uk/vol1/fastq/ERR417/005/ERR4174005/ERR4174005_1.fastq.gz;ftp.sra.ebi.ac.uk/vol1/fastq/ERR417/005/ERR4174005/ERR4174005_2.fastq.gz"	9785628	"ftp.sra.ebi.ac.uk/vol1/run/ERR417/ERR4174005/QUIN58_R1_001.fastq.gz;ftp.sra.ebi.ac.uk/vol1/run/ERR417/ERR4174005/QUIN58_R2_001.fastq.gz"
"SAMEA6813602"	"PRJEB38152"	"ERR4174006"	"RIX15"	"RIX15"	"ERS4541245"	2020-05-25	2020-06-18	"NextSeq 500"	"PAIRED"	"GENOMIC"	"ILLUMINA"	"RIX15"	"WGS"	"fasp.sra.ebi.ac.uk:/vol1/fastq/ERR417/006/ERR4174006/ERR4174006_1.fastq.gz;fasp.sra.ebi.ac.uk:/vol1/fastq/ERR417/006/ERR4174006/ERR4174006_2.fastq.gz"	"351499582;359631176"	"5766ac2a5199e2f926bd36df217b3242;2bb487157e398aeddc2ee672be6407ea"	"ftp.sra.ebi.ac.uk/vol1/fastq/ERR417/006/ERR4174006/ERR4174006_1.fastq.gz;ftp.sra.ebi.ac.uk/vol1/fastq/ERR417/006/ERR4174006/ERR4174006_2.fastq.gz"	7915487	"ftp.sra.ebi.ac.uk/vol1/run/ERR417/ERR4174006/RIX15_R1_001.fastq.gz;ftp.sra.ebi.ac.uk/vol1/run/ERR417/ERR4174006/RIX15_R2_001.fastq.gz"
"SAMEA6813603"	"PRJEB38152"	"ERR4174007"	"RIX2"	"RIX2"	"ERS4541246"	2020-05-25	2020-06-18	"NextSeq 500"	"PAIRED"	"GENOMIC"	"ILLUMINA"	"RIX2"	"WGS"	"fasp.sra.ebi.ac.uk:/vol1/fastq/ERR417/007/ERR4174007/ERR4174007_1.fastq.gz;fasp.sra.ebi.ac.uk:/vol1/fastq/ERR417/007/ERR4174007/ERR4174007_2.fastq.gz"	"576604977;587849423"	"7247024b4d73552ee8ff8275d9991560;e6474bc97c19772261e58d85eb17e925"	"ftp.sra.ebi.ac.uk/vol1/fastq/ERR417/007/ERR4174007/ERR4174007_1.fastq.gz;ftp.sra.ebi.ac.uk/vol1/fastq/ERR417/007/ERR4174007/ERR4174007_2.fastq.gz"	13393447	"ftp.sra.ebi.ac.uk/vol1/run/ERR417/ERR4174007/RIX2_R1_001.fastq.gz;ftp.sra.ebi.ac.uk/vol1/run/ERR417/ERR4174007/RIX2_R2_001.fastq.gz"
"SAMEA6813604"	"PRJEB38152"	"ERR4174008"	"RIX4"	"RIX4"	"ERS4541247"	2020-05-25	2020-06-18	"NextSeq 500"	"PAIRED"	"GENOMIC"	"ILLUMINA"	"RIX4"	"WGS"	"fasp.sra.ebi.ac.uk:/vol1/fastq/ERR417/008/ERR4174008/ERR4174008_1.fastq.gz;fasp.sra.ebi.ac.uk:/vol1/fastq/ERR417/008/ERR4174008/ERR4174008_2.fastq.gz"	"400703938;409330210"	"d48d25a497777bdceb08d3f71543811c;ec3b4b173844215395862d734434039f"	"ftp.sra.ebi.ac.uk/vol1/fastq/ERR417/008/ERR4174008/ERR4174008_1.fastq.gz;ftp.sra.ebi.ac.uk/vol1/fastq/ERR417/008/ERR4174008/ERR4174008_2.fastq.gz"	9127370	"ftp.sra.ebi.ac.uk/vol1/run/ERR417/ERR4174008/RIX4_R1_001.fastq.gz;ftp.sra.ebi.ac.uk/vol1/run/ERR417/ERR4174008/RIX4_R2_001.fastq.gz"
"SAMEA6813605"	"PRJEB38152"	"ERR4174009"	"ROS102"	"ROS102"	"ERS4541248"	2020-05-25	2020-06-18	"NextSeq 500"	"PAIRED"	"GENOMIC"	"ILLUMINA"	"ROS102"	"WGS"	"fasp.sra.ebi.ac.uk:/vol1/fastq/ERR417/009/ERR4174009/ERR4174009_1.fastq.gz;fasp.sra.ebi.ac.uk:/vol1/fastq/ERR417/009/ERR4174009/ERR4174009_2.fastq.gz"	"357288067;367940995"	"0742663f617ed837d422113f2486ad56;96097a11b2c061a72f3de0e4e635756b"	"ftp.sra.ebi.ac.uk/vol1/fastq/ERR417/009/ERR4174009/ERR4174009_1.fastq.gz;ftp.sra.ebi.ac.uk/vol1/fastq/ERR417/009/ERR4174009/ERR4174009_2.fastq.gz"	7558717	"ftp.sra.ebi.ac.uk/vol1/run/ERR417/ERR4174009/ROS102_R1_001.fastq.gz;ftp.sra.ebi.ac.uk/vol1/run/ERR417/ERR4174009/ROS102_R2_001.fastq.gz"
"SAMEA6813606"	"PRJEB38152"	"ERR4174010"	"ROS45"	"ROS45"	"ERS4541249"	2020-05-25	2020-06-18	"NextSeq 500"	"PAIRED"	"GENOMIC"	"ILLUMINA"	"ROS45"	"WGS"	"fasp.sra.ebi.ac.uk:/vol1/fastq/ERR417/000/ERR4174010/ERR4174010_1.fastq.gz;fasp.sra.ebi.ac.uk:/vol1/fastq/ERR417/000/ERR4174010/ERR4174010_2.fastq.gz"	"611847911;630209066"	"fad10e90f93cee87d40f7bc1560e750e;cb065dd076bb9edb4229daf36db3f527"	"ftp.sra.ebi.ac.uk/vol1/fastq/ERR417/000/ERR4174010/ERR4174010_1.fastq.gz;ftp.sra.ebi.ac.uk/vol1/fastq/ERR417/000/ERR4174010/ERR4174010_2.fastq.gz"	12980348	"ftp.sra.ebi.ac.uk/vol1/run/ERR417/ERR4174010/ROS45_R1_001.fastq.gz;ftp.sra.ebi.ac.uk/vol1/run/ERR417/ERR4174010/ROS45_R2_001.fastq.gz"
"SAMEA6813607"	"PRJEB38152"	"ERR4174011"	"ROS78"	"ROS78"	"ERS4541250"	2020-05-25	2020-06-18	"NextSeq 500"	"PAIRED"	"GENOMIC"	"ILLUMINA"	"ROS78"	"WGS"	"fasp.sra.ebi.ac.uk:/vol1/fastq/ERR417/001/ERR4174011/ERR4174011_1.fastq.gz;fasp.sra.ebi.ac.uk:/vol1/fastq/ERR417/001/ERR4174011/ERR4174011_2.fastq.gz"	"897729460;923458723"	"358dbb20186cead8bfa23679514aae1c;842c6c25fced2a4a719ea68bb670d8f8"	"ftp.sra.ebi.ac.uk/vol1/fastq/ERR417/001/ERR4174011/ERR4174011_1.fastq.gz;ftp.sra.ebi.ac.uk/vol1/fastq/ERR417/001/ERR4174011/ERR4174011_2.fastq.gz"	19075049	"ftp.sra.ebi.ac.uk/vol1/run/ERR417/ERR4174011/ROS78_R1_001.fastq.gz;ftp.sra.ebi.ac.uk/vol1/run/ERR417/ERR4174011/ROS78_R2_001.fastq.gz"
"SAMEA6813608"	"PRJEB38152"	"ERR4174012"	"ROS82"	"ROS82"	"ERS4541251"	2020-05-25	2020-06-18	"NextSeq 500"	"PAIRED"	"GENOMIC"	"ILLUMINA"	"ROS82"	"WGS"	"fasp.sra.ebi.ac.uk:/vol1/fastq/ERR417/002/ERR4174012/ERR4174012_1.fastq.gz;fasp.sra.ebi.ac.uk:/vol1/fastq/ERR417/002/ERR4174012/ERR4174012_2.fastq.gz"	"364802875;373112293"	"65264ccd25377dbc7154ef1f7029913e;72a3243fc400c1c39f25523d84c2e6b2"	"ftp.sra.ebi.ac.uk/vol1/fastq/ERR417/002/ERR4174012/ERR4174012_1.fastq.gz;ftp.sra.ebi.ac.uk/vol1/fastq/ERR417/002/ERR4174012/ERR4174012_2.fastq.gz"	7747151	"ftp.sra.ebi.ac.uk/vol1/run/ERR417/ERR4174012/ROS82_R1_001.fastq.gz;ftp.sra.ebi.ac.uk/vol1/run/ERR417/ERR4174012/ROS82_R2_001.fastq.gz"
"SAMEA6813609"	"PRJEB38152"	"ERR4174013"	"Sch72-15"	"Sch72-15"	"ERS4541252"	2020-05-25	2020-06-18	"NextSeq 500"	"PAIRED"	"GENOMIC"	"ILLUMINA"	"Sch72-15"	"WGS"	"fasp.sra.ebi.ac.uk:/vol1/fastq/ERR417/003/ERR4174013/ERR4174013_1.fastq.gz;fasp.sra.ebi.ac.uk:/vol1/fastq/ERR417/003/ERR4174013/ERR4174013_2.fastq.gz"	"724469914;745139788"	"68891447775ae539131228f1be25b572;7f14b8ab32efc6e0d5e6f37b2d44fa84"	"ftp.sra.ebi.ac.uk/vol1/fastq/ERR417/003/ERR4174013/ERR4174013_1.fastq.gz;ftp.sra.ebi.ac.uk/vol1/fastq/ERR417/003/ERR4174013/ERR4174013_2.fastq.gz"	15351610	"ftp.sra.ebi.ac.uk/vol1/run/ERR417/ERR4174013/Sch72-15_R1_001.fastq.gz;ftp.sra.ebi.ac.uk/vol1/run/ERR417/ERR4174013/Sch72-15_R2_001.fastq.gz"
"SAMEA6813610"	"PRJEB38152"	"ERR4174014"	"Schw432"	"Schw432"	"ERS4541253"	2020-05-25	2020-06-18	"NextSeq 500"	"PAIRED"	"GENOMIC"	"ILLUMINA"	"Schw432"	"WGS"	"fasp.sra.ebi.ac.uk:/vol1/fastq/ERR417/004/ERR4174014/ERR4174014_1.fastq.gz;fasp.sra.ebi.ac.uk:/vol1/fastq/ERR417/004/ERR4174014/ERR4174014_2.fastq.gz"	"746714988;764336708"	"cec79ef33f90a385c6ecdd912f208f05;cef32cd3fc5d554174cdd30cf1ee554e"	"ftp.sra.ebi.ac.uk/vol1/fastq/ERR417/004/ERR4174014/ERR4174014_1.fastq.gz;ftp.sra.ebi.ac.uk/vol1/fastq/ERR417/004/ERR4174014/ERR4174014_2.fastq.gz"	15862789	"ftp.sra.ebi.ac.uk/vol1/run/ERR417/ERR4174014/Schw432_R1_001.fastq.gz;ftp.sra.ebi.ac.uk/vol1/run/ERR417/ERR4174014/Schw432_R2_001.fastq.gz"
"SAMEA6813611"	"PRJEB38152"	"ERR4174015"	"WET370"	"WET370"	"ERS4541254"	2020-05-25	2020-05-24	"NextSeq 500"	"PAIRED"	"GENOMIC"	"ILLUMINA"	"WET370-1"	"WGS"	"fasp.sra.ebi.ac.uk:/vol1/fastq/ERR417/005/ERR4174015/ERR4174015.fastq.gz;fasp.sra.ebi.ac.uk:/vol1/fastq/ERR417/005/ERR4174015/ERR4174015_1.fastq.gz;fasp.sra.ebi.ac.uk:/vol1/fastq/ERR417/005/ERR4174015/ERR4174015_2.fastq.gz"	"60806039;15382533;15804853"	"64bf818009a271e28d84fce0dd596961;b7fa5f806ccb20b59d1ba0c78c510d87;1eadafa497e2839a92b4f647f979ebdf"	"ftp.sra.ebi.ac.uk/vol1/fastq/ERR417/005/ERR4174015/ERR4174015.fastq.gz;ftp.sra.ebi.ac.uk/vol1/fastq/ERR417/005/ERR4174015/ERR4174015_1.fastq.gz;ftp.sra.ebi.ac.uk/vol1/fastq/ERR417/005/ERR4174015/ERR4174015_2.fastq.gz"	1961108	"ftp.sra.ebi.ac.uk/vol1/run/ERR417/ERR4174015/WET370-1_R1_001.fastq.gz;ftp.sra.ebi.ac.uk/vol1/run/ERR417/ERR4174015/WET370-1_R2_001.fastq.gz"
"SAMEA6813611"	"PRJEB38152"	"ERR4174016"	"WET370"	"WET370"	"ERS4541254"	2020-05-25	2020-06-18	"NextSeq 500"	"PAIRED"	"GENOMIC"	"ILLUMINA"	"WET370-2"	"WGS"	"fasp.sra.ebi.ac.uk:/vol1/fastq/ERR417/006/ERR4174016/ERR4174016_1.fastq.gz;fasp.sra.ebi.ac.uk:/vol1/fastq/ERR417/006/ERR4174016/ERR4174016_2.fastq.gz"	"200647775;209894749"	"dca77d142945bf9aeff8c08b241aa3ec;484ac0c2987ab520a1864bd4faf22996"	"ftp.sra.ebi.ac.uk/vol1/fastq/ERR417/006/ERR4174016/ERR4174016_1.fastq.gz;ftp.sra.ebi.ac.uk/vol1/fastq/ERR417/006/ERR4174016/ERR4174016_2.fastq.gz"	4549073	"ftp.sra.ebi.ac.uk/vol1/run/ERR417/ERR4174016/WET370-2_R1_001.fastq.gz;ftp.sra.ebi.ac.uk/vol1/run/ERR417/ERR4174016/WET370-2_R2_001.fastq.gz"
"SAMEA6813577"	"PRJEB38152"	"ERR4174017"	"NIED"	"NIED"	"ERS4541220"	2020-05-25	2020-06-18	"NextSeq 500"	"PAIRED"	"GENOMIC"	"ILLUMINA"	"NIED"	"WGS"	"fasp.sra.ebi.ac.uk:/vol1/fastq/ERR417/007/ERR4174017/ERR4174017_1.fastq.gz;fasp.sra.ebi.ac.uk:/vol1/fastq/ERR417/007/ERR4174017/ERR4174017_2.fastq.gz"	"293289578;301832329"	"6d52a651f525b18694a5e6ff9a67b568;48c3b3acf8495d4175fc41a97fcec182"	"ftp.sra.ebi.ac.uk/vol1/fastq/ERR417/007/ERR4174017/ERR4174017_1.fastq.gz;ftp.sra.ebi.ac.uk/vol1/fastq/ERR417/007/ERR4174017/ERR4174017_2.fastq.gz"	6769302	"ftp.sra.ebi.ac.uk/vol1/run/ERR417/ERR4174017/NIED_R1_001.fastq.gz;ftp.sra.ebi.ac.uk/vol1/run/ERR417/ERR4174017/NIED_R2_001.fastq.gz"
"SAMEA6813568"	"PRJEB38152"	"ERR4195881"	"CRE20D"	"CRE20D"	"ERS4541211"	2020-06-05	2020-06-06	"NextSeq 500"	"PAIRED"	"GENOMIC"	"ILLUMINA"	"unspecified"	"WGS"	"fasp.sra.ebi.ac.uk:/vol1/fastq/ERR419/001/ERR4195881/ERR4195881_1.fastq.gz;fasp.sra.ebi.ac.uk:/vol1/fastq/ERR419/001/ERR4195881/ERR4195881_2.fastq.gz"	"1781803336;1825367808"	"0c7df16a59eee62f8ba3ff81830b84ab;084b5128f1ff361b53aac290a83cc076"	"ftp.sra.ebi.ac.uk/vol1/fastq/ERR419/001/ERR4195881/ERR4195881_1.fastq.gz;ftp.sra.ebi.ac.uk/vol1/fastq/ERR419/001/ERR4195881/ERR4195881_2.fastq.gz"	38499717	"ftp.sra.ebi.ac.uk/vol1/run/ERR419/ERR4195881/CRE20D_R1_001.fastq.gz;ftp.sra.ebi.ac.uk/vol1/run/ERR419/ERR4195881/CRE20D_R2_001.fastq.gz"
"SAMEA6813608"	"PRJEB38152"	"ERR4195934"	"ROS82"	"ROS82"	"ERS4541251"	2020-06-05	2020-06-06	"NextSeq 500"	"PAIRED"	"GENOMIC"	"ILLUMINA"	"unspecified"	"Targeted-Capture"	"fasp.sra.ebi.ac.uk:/vol1/fastq/ERR419/004/ERR4195934/ERR4195934_1.fastq.gz;fasp.sra.ebi.ac.uk:/vol1/fastq/ERR419/004/ERR4195934/ERR4195934_2.fastq.gz"	"117621042;125875760"	"ff4ebbc5cb85301540479e4c041e0066;ec5ace349ffc04829cd0541adf67a6ad"	"ftp.sra.ebi.ac.uk/vol1/fastq/ERR419/004/ERR4195934/ERR4195934_1.fastq.gz;ftp.sra.ebi.ac.uk/vol1/fastq/ERR419/004/ERR4195934/ERR4195934_2.fastq.gz"	2207823	"ftp.sra.ebi.ac.uk/vol1/run/ERR419/ERR4195934/ROS82_S22_R1_001.fastq.gz;ftp.sra.ebi.ac.uk/vol1/run/ERR419/ERR4195934/ROS82_S22_R2_001.fastq.gz"
"SAMEA6875728"	"PRJEB38152"	"ERR4210462"	"PER1150B"	"#N/A"	"ERS4603288"	2020-06-08	2020-06-08	"NextSeq 500"	"PAIRED"	"GENOMIC"	"ILLUMINA"	"unspecified"	"Targeted-Capture"	"fasp.sra.ebi.ac.uk:/vol1/fastq/ERR421/002/ERR4210462/ERR4210462_1.fastq.gz;fasp.sra.ebi.ac.uk:/vol1/fastq/ERR421/002/ERR4210462/ERR4210462_2.fastq.gz"	"15551399;16450363"	"1341443305724f72f8f633232f7c7bdf;194bd0b112b115100c9a767e90ae4b5a"	"ftp.sra.ebi.ac.uk/vol1/fastq/ERR421/002/ERR4210462/ERR4210462_1.fastq.gz;ftp.sra.ebi.ac.uk/vol1/fastq/ERR421/002/ERR4210462/ERR4210462_2.fastq.gz"	253754	"ftp.sra.ebi.ac.uk/vol1/run/ERR421/ERR4210462/PER1150B_S35_R1_001.fastq.gz;ftp.sra.ebi.ac.uk/vol1/run/ERR421/ERR4210462/PER1150B_S35_R2_001.fastq.gz"
"SAMEA6875729"	"PRJEB38152"	"ERR4210463"	"PER26"	"#N/A"	"ERS4603289"	2020-06-08	2020-06-08	"NextSeq 500"	"PAIRED"	"GENOMIC"	"ILLUMINA"	"unspecified"	"Targeted-Capture"	"fasp.sra.ebi.ac.uk:/vol1/fastq/ERR421/003/ERR4210463/ERR4210463_1.fastq.gz;fasp.sra.ebi.ac.uk:/vol1/fastq/ERR421/003/ERR4210463/ERR4210463_2.fastq.gz"	"22166038;23012500"	"11afea518566cd5b45c1ee56fdfd8d79;b6d49e3c06a739c972a66f3ab44c7945"	"ftp.sra.ebi.ac.uk/vol1/fastq/ERR421/003/ERR4210463/ERR4210463_1.fastq.gz;ftp.sra.ebi.ac.uk/vol1/fastq/ERR421/003/ERR4210463/ERR4210463_2.fastq.gz"	367910	"ftp.sra.ebi.ac.uk/vol1/run/ERR421/ERR4210463/PER26_S37_R1_001.fastq.gz;ftp.sra.ebi.ac.uk/vol1/run/ERR421/ERR4210463/PER26_S37_R2_001.fastq.gz"
"SAMEA6875730"	"PRJEB38152"	"ERR4210464"	"Mor5"	"#N/A"	"ERS4603290"	2020-06-08	2020-06-09	"NextSeq 500"	"PAIRED"	"GENOMIC"	"ILLUMINA"	"unspecified"	"Targeted-Capture"	"fasp.sra.ebi.ac.uk:/vol1/fastq/ERR421/004/ERR4210464/ERR4210464_1.fastq.gz;fasp.sra.ebi.ac.uk:/vol1/fastq/ERR421/004/ERR4210464/ERR4210464_2.fastq.gz"	"39194894;42289754"	"88640fed1be0ad26595d6e7ff5c301c7;6bdf31e256a8bb7366a6fc686bcadcd8"	"ftp.sra.ebi.ac.uk/vol1/fastq/ERR421/004/ERR4210464/ERR4210464_1.fastq.gz;ftp.sra.ebi.ac.uk/vol1/fastq/ERR421/004/ERR4210464/ERR4210464_2.fastq.gz"	738025	"ftp.sra.ebi.ac.uk/vol1/run/ERR421/ERR4210464/Mor5_S35_R1_001.fastq.gz;ftp.sra.ebi.ac.uk/vol1/run/ERR421/ERR4210464/Mor5_S35_R2_001.fastq.gz"
"SAMEA6875731"	"PRJEB38152"	"ERR4210465"	"Schw72-16"	"#N/A"	"ERS4603291"	2020-06-08	2020-06-08	"NextSeq 500"	"PAIRED"	"GENOMIC"	"ILLUMINA"	"unspecified"	"Targeted-Capture"	"fasp.sra.ebi.ac.uk:/vol1/fastq/ERR421/005/ERR4210465/ERR4210465_1.fastq.gz;fasp.sra.ebi.ac.uk:/vol1/fastq/ERR421/005/ERR4210465/ERR4210465_2.fastq.gz"	"48394761;51159459"	"f787631a1b35250b69da7a53d17c01b2;222cfa1d7b2cf509ea259e185f005c0a"	"ftp.sra.ebi.ac.uk/vol1/fastq/ERR421/005/ERR4210465/ERR4210465_1.fastq.gz;ftp.sra.ebi.ac.uk/vol1/fastq/ERR421/005/ERR4210465/ERR4210465_2.fastq.gz"	918218	"ftp.sra.ebi.ac.uk/vol1/run/ERR421/ERR4210465/Schw72-16_S34_R1_001.fastq.gz;ftp.sra.ebi.ac.uk/vol1/run/ERR421/ERR4210465/Schw72-16_S34_R2_001.fastq.gz"
"SAMEA6875734"	"PRJEB38152"	"ERR4210466"	"LARZ4"	"#N/A"	"ERS4603294"	2020-06-08	2020-06-08	"NextSeq 500"	"PAIRED"	"GENOMIC"	"ILLUMINA"	"unspecified"	"Targeted-Capture"	"fasp.sra.ebi.ac.uk:/vol1/fastq/ERR421/006/ERR4210466/ERR4210466_1.fastq.gz;fasp.sra.ebi.ac.uk:/vol1/fastq/ERR421/006/ERR4210466/ERR4210466_2.fastq.gz"	"41808229;44636524"	"5afb07ad5864f01b281a0dacde22bd2e;6edc158d7631666f30b0d44cf68d6fc1"	"ftp.sra.ebi.ac.uk/vol1/fastq/ERR421/006/ERR4210466/ERR4210466_1.fastq.gz;ftp.sra.ebi.ac.uk/vol1/fastq/ERR421/006/ERR4210466/ERR4210466_2.fastq.gz"	791752	"ftp.sra.ebi.ac.uk/vol1/run/ERR421/ERR4210466/LARZ4_S25_R1_001.fastq.gz;ftp.sra.ebi.ac.uk/vol1/run/ERR421/ERR4210466/LARZ4_S25_R2_001.fastq.gz"
"SAMEA6875735"	"PRJEB38152"	"ERR4210467"	"ORC1"	"#N/A"	"ERS4603295"	2020-06-08	2020-06-08	"NextSeq 500"	"PAIRED"	"GENOMIC"	"ILLUMINA"	"unspecified"	"Targeted-Capture"	"fasp.sra.ebi.ac.uk:/vol1/fastq/ERR421/007/ERR4210467/ERR4210467_1.fastq.gz;fasp.sra.ebi.ac.uk:/vol1/fastq/ERR421/007/ERR4210467/ERR4210467_2.fastq.gz"	"17979005;19071712"	"3f0bb36891595ba66013f4ffb8761e6b;d4b25a08f361a1a2ab2a8172b091b320"	"ftp.sra.ebi.ac.uk/vol1/fastq/ERR421/007/ERR4210467/ERR4210467_1.fastq.gz;ftp.sra.ebi.ac.uk/vol1/fastq/ERR421/007/ERR4210467/ERR4210467_2.fastq.gz"	332494	"ftp.sra.ebi.ac.uk/vol1/run/ERR421/ERR4210467/ORC1_S28_R1_001.fastq.gz;ftp.sra.ebi.ac.uk/vol1/run/ERR421/ERR4210467/ORC1_S28_R2_001.fastq.gz"
"SAMEA6875740"	"PRJEB38152"	"ERR4210468"	"ROS31"	"#N/A"	"ERS4603300"	2020-06-08	2020-06-08	"NextSeq 500"	"PAIRED"	"GENOMIC"	"ILLUMINA"	"unspecified"	"Targeted-Capture"	"fasp.sra.ebi.ac.uk:/vol1/fastq/ERR421/008/ERR4210468/ERR4210468_1.fastq.gz;fasp.sra.ebi.ac.uk:/vol1/fastq/ERR421/008/ERR4210468/ERR4210468_2.fastq.gz"	"4199909;4574497"	"74df417eec837def19141671e24673ec;ef133af2a10eea27c66acd9a009e9274"	"ftp.sra.ebi.ac.uk/vol1/fastq/ERR421/008/ERR4210468/ERR4210468_1.fastq.gz;ftp.sra.ebi.ac.uk/vol1/fastq/ERR421/008/ERR4210468/ERR4210468_2.fastq.gz"	71016	"ftp.sra.ebi.ac.uk/vol1/run/ERR421/ERR4210468/ROS31_S9_R1_001.fastq.gz;ftp.sra.ebi.ac.uk/vol1/run/ERR421/ERR4210468/ROS31_S9_R2_001.fastq.gz"
"SAMEA6875741"	"PRJEB38152"	"ERR4210469"	"ROS36"	"#N/A"	"ERS4603301"	2020-06-08	2020-06-08	"NextSeq 500"	"PAIRED"	"GENOMIC"	"ILLUMINA"	"unspecified"	"Targeted-Capture"	"fasp.sra.ebi.ac.uk:/vol1/fastq/ERR421/009/ERR4210469/ERR4210469_1.fastq.gz;fasp.sra.ebi.ac.uk:/vol1/fastq/ERR421/009/ERR4210469/ERR4210469_2.fastq.gz"	"30837;32734"	"98b73e3ce296ad453edcf120f007e521;330fb59c12fc2452971e8dd55fbf5db6"	"ftp.sra.ebi.ac.uk/vol1/fastq/ERR421/009/ERR4210469/ERR4210469_1.fastq.gz;ftp.sra.ebi.ac.uk/vol1/fastq/ERR421/009/ERR4210469/ERR4210469_2.fastq.gz"	583	"ftp.sra.ebi.ac.uk/vol1/run/ERR421/ERR4210469/ROS36_S43_R1_001.fastq.gz;ftp.sra.ebi.ac.uk/vol1/run/ERR421/ERR4210469/ROS36_S43_R2_001.fastq.gz"
"SAMEA6875743"	"PRJEB38152"	"ERR4210470"	"ROS42"	"#N/A"	"ERS4603303"	2020-06-08	2020-06-08	"NextSeq 500"	"PAIRED"	"GENOMIC"	"ILLUMINA"	"unspecified"	"Targeted-Capture"	"fasp.sra.ebi.ac.uk:/vol1/fastq/ERR421/000/ERR4210470/ERR4210470_1.fastq.gz;fasp.sra.ebi.ac.uk:/vol1/fastq/ERR421/000/ERR4210470/ERR4210470_2.fastq.gz"	"1399457;1532093"	"7c1f7fad32fed24b1a9be84604e94798;6d3483eb4d11838a0b1e0d1090ed9a77"	"ftp.sra.ebi.ac.uk/vol1/fastq/ERR421/000/ERR4210470/ERR4210470_1.fastq.gz;ftp.sra.ebi.ac.uk/vol1/fastq/ERR421/000/ERR4210470/ERR4210470_2.fastq.gz"	23553	"ftp.sra.ebi.ac.uk/vol1/run/ERR421/ERR4210470/ROS42_S8_R1_001.fastq.gz;ftp.sra.ebi.ac.uk/vol1/run/ERR421/ERR4210470/ROS42_S8_R2_001.fastq.gz"
"SAMEA6875744"	"PRJEB38152"	"ERR4210471"	"ROS43"	"#N/A"	"ERS4603304"	2020-06-08	2020-06-08	"NextSeq 500"	"PAIRED"	"GENOMIC"	"ILLUMINA"	"unspecified"	"Targeted-Capture"	"fasp.sra.ebi.ac.uk:/vol1/fastq/ERR421/001/ERR4210471/ERR4210471_1.fastq.gz;fasp.sra.ebi.ac.uk:/vol1/fastq/ERR421/001/ERR4210471/ERR4210471_2.fastq.gz"	"35805;37138"	"b4943fcb91a84cc3e22efdee8e6ac9ee;e4ef0becba9f1abde198324c209e4ee5"	"ftp.sra.ebi.ac.uk/vol1/fastq/ERR421/001/ERR4210471/ERR4210471_1.fastq.gz;ftp.sra.ebi.ac.uk/vol1/fastq/ERR421/001/ERR4210471/ERR4210471_2.fastq.gz"	693	"ftp.sra.ebi.ac.uk/vol1/run/ERR421/ERR4210471/ROS43_S37_R1_001.fastq.gz;ftp.sra.ebi.ac.uk/vol1/run/ERR421/ERR4210471/ROS43_S37_R2_001.fastq.gz"
"SAMEA6875745"	"PRJEB38152"	"ERR4210472"	"ROS47"	"#N/A"	"ERS4603305"	2020-06-08	2020-06-08	"NextSeq 500"	"PAIRED"	"GENOMIC"	"ILLUMINA"	"unspecified"	"Targeted-Capture"	"fasp.sra.ebi.ac.uk:/vol1/fastq/ERR421/002/ERR4210472/ERR4210472_1.fastq.gz;fasp.sra.ebi.ac.uk:/vol1/fastq/ERR421/002/ERR4210472/ERR4210472_2.fastq.gz"	"52365163;53472747"	"45f24fb6405b6f29bad6f647cb59059f;18e90f2c631411c67144515c3a23d52d"	"ftp.sra.ebi.ac.uk/vol1/fastq/ERR421/002/ERR4210472/ERR4210472_1.fastq.gz;ftp.sra.ebi.ac.uk/vol1/fastq/ERR421/002/ERR4210472/ERR4210472_2.fastq.gz"	966474	"ftp.sra.ebi.ac.uk/vol1/run/ERR421/ERR4210472/ROS47_S38_R1_001.fastq.gz;ftp.sra.ebi.ac.uk/vol1/run/ERR421/ERR4210472/ROS47_S38_R2_001.fastq.gz"
"SAMEA6875747"	"PRJEB38152"	"ERR4210473"	"ROS62"	"#N/A"	"ERS4603307"	2020-06-08	2020-06-08	"NextSeq 500"	"PAIRED"	"GENOMIC"	"ILLUMINA"	"unspecified"	"Targeted-Capture"	"fasp.sra.ebi.ac.uk:/vol1/fastq/ERR421/003/ERR4210473/ERR4210473_1.fastq.gz;fasp.sra.ebi.ac.uk:/vol1/fastq/ERR421/003/ERR4210473/ERR4210473_2.fastq.gz"	"1774020;1901406"	"24c3c6ee5a4054116e5fd53f3dcc5155;4ac737ed6b83d8d3ded32ab10b079d41"	"ftp.sra.ebi.ac.uk/vol1/fastq/ERR421/003/ERR4210473/ERR4210473_1.fastq.gz;ftp.sra.ebi.ac.uk/vol1/fastq/ERR421/003/ERR4210473/ERR4210473_2.fastq.gz"	30604	"ftp.sra.ebi.ac.uk/vol1/run/ERR421/ERR4210473/ROS62_S30_R1_001.fastq.gz;ftp.sra.ebi.ac.uk/vol1/run/ERR421/ERR4210473/ROS62_S30_R2_001.fastq.gz"
"SAMEA6875748"	"PRJEB38152"	"ERR4210474"	"ROS66"	"#N/A"	"ERS4603308"	2020-06-08	2020-06-09	"NextSeq 500"	"PAIRED"	"GENOMIC"	"ILLUMINA"	"unspecified"	"Targeted-Capture"	"fasp.sra.ebi.ac.uk:/vol1/fastq/ERR421/004/ERR4210474/ERR4210474_1.fastq.gz;fasp.sra.ebi.ac.uk:/vol1/fastq/ERR421/004/ERR4210474/ERR4210474_2.fastq.gz"	"22511861;23752367"	"f6d71560754af1753d840a813b9db2f2;97fcb02704118b4a3144e9f6b72e61a8"	"ftp.sra.ebi.ac.uk/vol1/fastq/ERR421/004/ERR4210474/ERR4210474_1.fastq.gz;ftp.sra.ebi.ac.uk/vol1/fastq/ERR421/004/ERR4210474/ERR4210474_2.fastq.gz"	414304	"ftp.sra.ebi.ac.uk/vol1/run/ERR421/ERR4210474/ROS66_S41_R1_001.fastq.gz;ftp.sra.ebi.ac.uk/vol1/run/ERR421/ERR4210474/ROS66_S41_R2_001.fastq.gz"
"SAMEA6875750"	"PRJEB38152"	"ERR4210475"	"ROS86"	"#N/A"	"ERS4603310"	2020-06-08	2020-06-09	"NextSeq 500"	"PAIRED"	"GENOMIC"	"ILLUMINA"	"unspecified"	"Targeted-Capture"	"fasp.sra.ebi.ac.uk:/vol1/fastq/ERR421/005/ERR4210475/ERR4210475_1.fastq.gz;fasp.sra.ebi.ac.uk:/vol1/fastq/ERR421/005/ERR4210475/ERR4210475_2.fastq.gz"	"36123819;37596701"	"2d6d9b8fd6b451c50cab49ff8ebb8bf7;75cd8a57fd37ba606c446d7612d993a1"	"ftp.sra.ebi.ac.uk/vol1/fastq/ERR421/005/ERR4210475/ERR4210475_1.fastq.gz;ftp.sra.ebi.ac.uk/vol1/fastq/ERR421/005/ERR4210475/ERR4210475_2.fastq.gz"	685178	"ftp.sra.ebi.ac.uk/vol1/run/ERR421/ERR4210475/ROS86_S42_R1_001.fastq.gz;ftp.sra.ebi.ac.uk/vol1/run/ERR421/ERR4210475/ROS86_S42_R2_001.fastq.gz"
"SAMEA6875760"	"PRJEB38152"	"ERR4210476"	"BERG57"	"#N/A"	"ERS4603320"	2020-06-08	2020-06-09	"NextSeq 500"	"PAIRED"	"GENOMIC"	"ILLUMINA"	"unspecified"	"Targeted-Capture"	"fasp.sra.ebi.ac.uk:/vol1/fastq/ERR421/006/ERR4210476/ERR4210476_1.fastq.gz;fasp.sra.ebi.ac.uk:/vol1/fastq/ERR421/006/ERR4210476/ERR4210476_2.fastq.gz"	"31277981;34030830"	"0d079c3ee34f3c5dd8ce0b2ed087dc66;d5a716dd64edf86ba153b6b60ed57b58"	"ftp.sra.ebi.ac.uk/vol1/fastq/ERR421/006/ERR4210476/ERR4210476_1.fastq.gz;ftp.sra.ebi.ac.uk/vol1/fastq/ERR421/006/ERR4210476/ERR4210476_2.fastq.gz"	539397	"ftp.sra.ebi.ac.uk/vol1/run/ERR421/ERR4210476/BERG57_S3_R1_001.fastq.gz;ftp.sra.ebi.ac.uk/vol1/run/ERR421/ERR4210476/BERG57_S3_R2_001.fastq.gz"
"SAMEA6875761"	"PRJEB38152"	"ERR4210477"	"BERG79"	"#N/A"	"ERS4603321"	2020-06-08	2020-06-08	"NextSeq 500"	"PAIRED"	"GENOMIC"	"ILLUMINA"	"unspecified"	"Targeted-Capture"	"fasp.sra.ebi.ac.uk:/vol1/fastq/ERR421/007/ERR4210477/ERR4210477_1.fastq.gz;fasp.sra.ebi.ac.uk:/vol1/fastq/ERR421/007/ERR4210477/ERR4210477_2.fastq.gz"	"8430260;8894965"	"9ba35cbfb4a946c289f4b249bd9e5a81;551217ead4aca91790c8978ac34b618a"	"ftp.sra.ebi.ac.uk/vol1/fastq/ERR421/007/ERR4210477/ERR4210477_1.fastq.gz;ftp.sra.ebi.ac.uk/vol1/fastq/ERR421/007/ERR4210477/ERR4210477_2.fastq.gz"	155092	"ftp.sra.ebi.ac.uk/vol1/run/ERR421/ERR4210477/BERG79_S2_R1_001.fastq.gz;ftp.sra.ebi.ac.uk/vol1/run/ERR421/ERR4210477/BERG79_S2_R2_001.fastq.gz"
"SAMEA6875762"	"PRJEB38152"	"ERR4210478"	"BERG34-1"	"#N/A"	"ERS4603322"	2020-06-08	2020-06-09	"NextSeq 500"	"PAIRED"	"GENOMIC"	"ILLUMINA"	"unspecified"	"Targeted-Capture"	"fasp.sra.ebi.ac.uk:/vol1/fastq/ERR421/008/ERR4210478/ERR4210478_1.fastq.gz;fasp.sra.ebi.ac.uk:/vol1/fastq/ERR421/008/ERR4210478/ERR4210478_2.fastq.gz"	"53301611;57720738"	"6a867c4438e8175476c236b53a077fa3;8386288e7aca532ef5be8c0d88f20c34"	"ftp.sra.ebi.ac.uk/vol1/fastq/ERR421/008/ERR4210478/ERR4210478_1.fastq.gz;ftp.sra.ebi.ac.uk/vol1/fastq/ERR421/008/ERR4210478/ERR4210478_2.fastq.gz"	901644	"ftp.sra.ebi.ac.uk/vol1/run/ERR421/ERR4210478/Berg34-1_S17_R1_001.fastq.gz;ftp.sra.ebi.ac.uk/vol1/run/ERR421/ERR4210478/Berg34-1_S17_R2_001.fastq.gz"
"SAMEA6875763"	"PRJEB38152"	"ERR4210479"	"BERG02-5"	"#N/A"	"ERS4603323"	2020-06-08	2020-06-08	"NextSeq 500"	"PAIRED"	"GENOMIC"	"ILLUMINA"	"unspecified"	"Targeted-Capture"	"fasp.sra.ebi.ac.uk:/vol1/fastq/ERR421/009/ERR4210479/ERR4210479_1.fastq.gz;fasp.sra.ebi.ac.uk:/vol1/fastq/ERR421/009/ERR4210479/ERR4210479_2.fastq.gz"	"34854570;37588120"	"92aa6f0d4a11d1ab4f565653d6562aac;57443fad5919c71f205f49cd73fabef5"	"ftp.sra.ebi.ac.uk/vol1/fastq/ERR421/009/ERR4210479/ERR4210479_1.fastq.gz;ftp.sra.ebi.ac.uk/vol1/fastq/ERR421/009/ERR4210479/ERR4210479_2.fastq.gz"	599521	"ftp.sra.ebi.ac.uk/vol1/run/ERR421/ERR4210479/BERG02-5_S28_R1_001.fastq.gz;ftp.sra.ebi.ac.uk/vol1/run/ERR421/ERR4210479/BERG02-5_S28_R2_001.fastq.gz"
"SAMEA6875764"	"PRJEB38152"	"ERR4210480"	"BERG157-1"	"#N/A"	"ERS4603324"	2020-06-08	2020-06-08	"NextSeq 500"	"PAIRED"	"GENOMIC"	"ILLUMINA"	"unspecified"	"Targeted-Capture"	"fasp.sra.ebi.ac.uk:/vol1/fastq/ERR421/000/ERR4210480/ERR4210480_1.fastq.gz;fasp.sra.ebi.ac.uk:/vol1/fastq/ERR421/000/ERR4210480/ERR4210480_2.fastq.gz"	"4324834;4681583"	"8b871727d6601c4eceb981537ee1ff54;9e84f253fc94619077580656e9d840cd"	"ftp.sra.ebi.ac.uk/vol1/fastq/ERR421/000/ERR4210480/ERR4210480_1.fastq.gz;ftp.sra.ebi.ac.uk/vol1/fastq/ERR421/000/ERR4210480/ERR4210480_2.fastq.gz"	74164	"ftp.sra.ebi.ac.uk/vol1/run/ERR421/ERR4210480/BERG157-1_S11_R1_001.fastq.gz;ftp.sra.ebi.ac.uk/vol1/run/ERR421/ERR4210480/BERG157-1_S11_R2_001.fastq.gz"
"SAMEA6875765"	"PRJEB38152"	"ERR4210481"	"BERG157-3"	"#N/A"	"ERS4603325"	2020-06-08	2020-06-09	"NextSeq 500"	"PAIRED"	"GENOMIC"	"ILLUMINA"	"unspecified"	"Targeted-Capture"	"fasp.sra.ebi.ac.uk:/vol1/fastq/ERR421/001/ERR4210481/ERR4210481_1.fastq.gz;fasp.sra.ebi.ac.uk:/vol1/fastq/ERR421/001/ERR4210481/ERR4210481_2.fastq.gz"	"33986396;36055603"	"2e951330af85b8ba16639f88f7bcd023;b0cd5303e2d833e0b242c299d2ddf0d6"	"ftp.sra.ebi.ac.uk/vol1/fastq/ERR421/001/ERR4210481/ERR4210481_1.fastq.gz;ftp.sra.ebi.ac.uk/vol1/fastq/ERR421/001/ERR4210481/ERR4210481_2.fastq.gz"	635527	"ftp.sra.ebi.ac.uk/vol1/run/ERR421/ERR4210481/BERG157-3_S1_R1_001.fastq.gz;ftp.sra.ebi.ac.uk/vol1/run/ERR421/ERR4210481/BERG157-3_S1_R2_001.fastq.gz"
"SAMEA6875766"	"PRJEB38152"	"ERR4210482"	"BERG157-4"	"#N/A"	"ERS4603326"	2020-06-08	2020-06-08	"NextSeq 500"	"PAIRED"	"GENOMIC"	"ILLUMINA"	"unspecified"	"Targeted-Capture"	"fasp.sra.ebi.ac.uk:/vol1/fastq/ERR421/002/ERR4210482/ERR4210482_1.fastq.gz;fasp.sra.ebi.ac.uk:/vol1/fastq/ERR421/002/ERR4210482/ERR4210482_2.fastq.gz"	"21512322;22870172"	"901f19cf8bd4a7b810333c463460ac8e;ea0c255e7f231c9d6a5c61b99ca8a542"	"ftp.sra.ebi.ac.uk/vol1/fastq/ERR421/002/ERR4210482/ERR4210482_1.fastq.gz;ftp.sra.ebi.ac.uk/vol1/fastq/ERR421/002/ERR4210482/ERR4210482_2.fastq.gz"	399477	"ftp.sra.ebi.ac.uk/vol1/run/ERR421/ERR4210482/Berg157-4_S6_R1_001.fastq.gz;ftp.sra.ebi.ac.uk/vol1/run/ERR421/ERR4210482/Berg157-4_S6_R2_001.fastq.gz"
"SAMEA6875767"	"PRJEB38152"	"ERR4210483"	"BERG157-5"	"#N/A"	"ERS4603327"	2020-06-08	2020-06-09	"NextSeq 500"	"PAIRED"	"GENOMIC"	"ILLUMINA"	"unspecified"	"Targeted-Capture"	"fasp.sra.ebi.ac.uk:/vol1/fastq/ERR421/003/ERR4210483/ERR4210483_1.fastq.gz;fasp.sra.ebi.ac.uk:/vol1/fastq/ERR421/003/ERR4210483/ERR4210483_2.fastq.gz"	"98116282;105274718"	"5bd9e6e2435abc4f333d44df380621ed;85a2a8fce1e3dcc4d263251903f7f864"	"ftp.sra.ebi.ac.uk/vol1/fastq/ERR421/003/ERR4210483/ERR4210483_1.fastq.gz;ftp.sra.ebi.ac.uk/vol1/fastq/ERR421/003/ERR4210483/ERR4210483_2.fastq.gz"	1830725	"ftp.sra.ebi.ac.uk/vol1/run/ERR421/ERR4210483/BERG157-5_S17_R1_001.fastq.gz;ftp.sra.ebi.ac.uk/vol1/run/ERR421/ERR4210483/BERG157-5_S17_R2_001.fastq.gz"
"SAMEA6875768"	"PRJEB38152"	"ERR4210484"	"BERG157-6"	"#N/A"	"ERS4603328"	2020-06-08	2020-06-09	"NextSeq 500"	"PAIRED"	"GENOMIC"	"ILLUMINA"	"unspecified"	"Targeted-Capture"	"fasp.sra.ebi.ac.uk:/vol1/fastq/ERR421/004/ERR4210484/ERR4210484_1.fastq.gz;fasp.sra.ebi.ac.uk:/vol1/fastq/ERR421/004/ERR4210484/ERR4210484_2.fastq.gz"	"70501521;75789356"	"f342f09aae1ac3aafd37cb7f3fe21a02;085f46dd43277ddbd3f5834ae9e8eeaf"	"ftp.sra.ebi.ac.uk/vol1/fastq/ERR421/004/ERR4210484/ERR4210484_1.fastq.gz;ftp.sra.ebi.ac.uk/vol1/fastq/ERR421/004/ERR4210484/ERR4210484_2.fastq.gz"	1303714	"ftp.sra.ebi.ac.uk/vol1/run/ERR421/ERR4210484/BERG157-6_S19_R1_001.fastq.gz;ftp.sra.ebi.ac.uk/vol1/run/ERR421/ERR4210484/BERG157-6_S19_R2_001.fastq.gz"
"SAMEA6875769"	"PRJEB38152"	"ERR4210485"	"BERG157-9"	"#N/A"	"ERS4603329"	2020-06-08	2020-06-09	"NextSeq 500"	"PAIRED"	"GENOMIC"	"ILLUMINA"	"unspecified"	"Targeted-Capture"	"fasp.sra.ebi.ac.uk:/vol1/fastq/ERR421/005/ERR4210485/ERR4210485_1.fastq.gz;fasp.sra.ebi.ac.uk:/vol1/fastq/ERR421/005/ERR4210485/ERR4210485_2.fastq.gz"	"161127388;171029697"	"cfab6418f3af130192ee0f8c45d31967;6b58d0e053ac991da44b53c6869b1a9a"	"ftp.sra.ebi.ac.uk/vol1/fastq/ERR421/005/ERR4210485/ERR4210485_1.fastq.gz;ftp.sra.ebi.ac.uk/vol1/fastq/ERR421/005/ERR4210485/ERR4210485_2.fastq.gz"	3022350	"ftp.sra.ebi.ac.uk/vol1/run/ERR421/ERR4210485/BERG157-9_S21_R1_001.fastq.gz;ftp.sra.ebi.ac.uk/vol1/run/ERR421/ERR4210485/BERG157-9_S21_R2_001.fastq.gz"
"SAMEA6875770"	"PRJEB38152"	"ERR4210486"	"BERG103-2"	"#N/A"	"ERS4603330"	2020-06-08	2020-06-08	"NextSeq 500"	"PAIRED"	"GENOMIC"	"ILLUMINA"	"unspecified"	"Targeted-Capture"	"fasp.sra.ebi.ac.uk:/vol1/fastq/ERR421/006/ERR4210486/ERR4210486_1.fastq.gz;fasp.sra.ebi.ac.uk:/vol1/fastq/ERR421/006/ERR4210486/ERR4210486_2.fastq.gz"	"24771027;26105579"	"65ea7a6252c089fc0623c64d26b05f4e;0f19a6039b6af7ebf05c1f1e004c3ed9"	"ftp.sra.ebi.ac.uk/vol1/fastq/ERR421/006/ERR4210486/ERR4210486_1.fastq.gz;ftp.sra.ebi.ac.uk/vol1/fastq/ERR421/006/ERR4210486/ERR4210486_2.fastq.gz"	426382	"ftp.sra.ebi.ac.uk/vol1/run/ERR421/ERR4210486/BERG103-2_S1_R1_001.fastq.gz;ftp.sra.ebi.ac.uk/vol1/run/ERR421/ERR4210486/BERG103-2_S1_R2_001.fastq.gz"
"SAMEA6875771"	"PRJEB38152"	"ERR4210487"	"BERG746"	"#N/A"	"ERS4603331"	2020-06-08	2020-06-09	"NextSeq 500"	"PAIRED"	"GENOMIC"	"ILLUMINA"	"unspecified"	"Targeted-Capture"	"fasp.sra.ebi.ac.uk:/vol1/fastq/ERR421/007/ERR4210487/ERR4210487_1.fastq.gz;fasp.sra.ebi.ac.uk:/vol1/fastq/ERR421/007/ERR4210487/ERR4210487_2.fastq.gz"	"40662091;44439492"	"6f572538d16789034e94c6ec8d368b33;8be0ed79c5f45ffa597c785003a88f72"	"ftp.sra.ebi.ac.uk/vol1/fastq/ERR421/007/ERR4210487/ERR4210487_1.fastq.gz;ftp.sra.ebi.ac.uk/vol1/fastq/ERR421/007/ERR4210487/ERR4210487_2.fastq.gz"	708558	"ftp.sra.ebi.ac.uk/vol1/run/ERR421/ERR4210487/BERG746_S5_R1_001.fastq.gz;ftp.sra.ebi.ac.uk/vol1/run/ERR421/ERR4210487/BERG746_S5_R2_001.fastq.gz"
"SAMEA6875772"	"PRJEB38152"	"ERR4210488"	"BERG118-1"	"#N/A"	"ERS4603332"	2020-06-08	2020-06-08	"NextSeq 500"	"PAIRED"	"GENOMIC"	"ILLUMINA"	"unspecified"	"Targeted-Capture"	"fasp.sra.ebi.ac.uk:/vol1/fastq/ERR421/008/ERR4210488/ERR4210488_1.fastq.gz;fasp.sra.ebi.ac.uk:/vol1/fastq/ERR421/008/ERR4210488/ERR4210488_2.fastq.gz"	"1760499;1893038"	"8fa374ebd1c0a07ca85d1a418c26b7a4;8ae18c29352a4a6a085400c5c5a76ba4"	"ftp.sra.ebi.ac.uk/vol1/fastq/ERR421/008/ERR4210488/ERR4210488_1.fastq.gz;ftp.sra.ebi.ac.uk/vol1/fastq/ERR421/008/ERR4210488/ERR4210488_2.fastq.gz"	29811	"ftp.sra.ebi.ac.uk/vol1/run/ERR421/ERR4210488/BERG118-1_S2_R1_001.fastq.gz;ftp.sra.ebi.ac.uk/vol1/run/ERR421/ERR4210488/BERG118-1_S2_R2_001.fastq.gz"
"SAMEA6875773"	"PRJEB38152"	"ERR4210489"	"PSS2042"	"#N/A"	"ERS4603333"	2020-06-08	2020-06-09	"NextSeq 500"	"PAIRED"	"GENOMIC"	"ILLUMINA"	"unspecified"	"Targeted-Capture"	"fasp.sra.ebi.ac.uk:/vol1/fastq/ERR421/009/ERR4210489/ERR4210489_1.fastq.gz;fasp.sra.ebi.ac.uk:/vol1/fastq/ERR421/009/ERR4210489/ERR4210489_2.fastq.gz"	"33864122;34930840"	"c89e607385cd2c01624cfa207b79c089;4a7b722f97d8180c497ab066ace80ef3"	"ftp.sra.ebi.ac.uk/vol1/fastq/ERR421/009/ERR4210489/ERR4210489_1.fastq.gz;ftp.sra.ebi.ac.uk/vol1/fastq/ERR421/009/ERR4210489/ERR4210489_2.fastq.gz"	623837	"ftp.sra.ebi.ac.uk/vol1/run/ERR421/ERR4210489/PSS2042_S24_R1_001.fastq.gz;ftp.sra.ebi.ac.uk/vol1/run/ERR421/ERR4210489/PSS2042_S24_R2_001.fastq.gz"
"SAMEA6875774"	"PRJEB38152"	"ERR4210490"	"PSS282"	"#N/A"	"ERS4603334"	2020-06-08	2020-06-09	"NextSeq 500"	"PAIRED"	"GENOMIC"	"ILLUMINA"	"unspecified"	"Targeted-Capture"	"fasp.sra.ebi.ac.uk:/vol1/fastq/ERR421/000/ERR4210490/ERR4210490_1.fastq.gz;fasp.sra.ebi.ac.uk:/vol1/fastq/ERR421/000/ERR4210490/ERR4210490_2.fastq.gz"	"49912109;51936157"	"0129e43bb3413a2da50feb6170e6961f;b773ecba8a9ed47c6f03c30da09a05ca"	"ftp.sra.ebi.ac.uk/vol1/fastq/ERR421/000/ERR4210490/ERR4210490_1.fastq.gz;ftp.sra.ebi.ac.uk/vol1/fastq/ERR421/000/ERR4210490/ERR4210490_2.fastq.gz"	937271	"ftp.sra.ebi.ac.uk/vol1/run/ERR421/ERR4210490/PSS282_S22_R1_001.fastq.gz;ftp.sra.ebi.ac.uk/vol1/run/ERR421/ERR4210490/PSS282_S22_R2_001.fastq.gz"
"SAMEA6875775"	"PRJEB38152"	"ERR4210491"	"PSS3072"	"#N/A"	"ERS4603335"	2020-06-08	2020-06-09	"NextSeq 500"	"PAIRED"	"GENOMIC"	"ILLUMINA"	"unspecified"	"Targeted-Capture"	"fasp.sra.ebi.ac.uk:/vol1/fastq/ERR421/001/ERR4210491/ERR4210491_1.fastq.gz;fasp.sra.ebi.ac.uk:/vol1/fastq/ERR421/001/ERR4210491/ERR4210491_2.fastq.gz"	"39961071;42444547"	"47d43b30955bf801259361e6ca76bff7;4a7dfcb153fdf28468a37363ff9cbc41"	"ftp.sra.ebi.ac.uk/vol1/fastq/ERR421/001/ERR4210491/ERR4210491_1.fastq.gz;ftp.sra.ebi.ac.uk/vol1/fastq/ERR421/001/ERR4210491/ERR4210491_2.fastq.gz"	746032	"ftp.sra.ebi.ac.uk/vol1/run/ERR421/ERR4210491/PSS3072_S23_R1_001.fastq.gz;ftp.sra.ebi.ac.uk/vol1/run/ERR421/ERR4210491/PSS3072_S23_R2_001.fastq.gz"
"SAMEA6875778"	"PRJEB38152"	"ERR4210492"	"Mairy4249"	"#N/A"	"ERS4603338"	2020-06-08	2020-06-08	"NextSeq 500"	"PAIRED"	"GENOMIC"	"ILLUMINA"	"unspecified"	"Targeted-Capture"	"fasp.sra.ebi.ac.uk:/vol1/fastq/ERR421/002/ERR4210492/ERR4210492_1.fastq.gz;fasp.sra.ebi.ac.uk:/vol1/fastq/ERR421/002/ERR4210492/ERR4210492_2.fastq.gz"	"21552113;23139208"	"7ee2792842bfee1ab4a24e1bba53e0c0;3f5922c05a3fc1fe095fcb9c80563f12"	"ftp.sra.ebi.ac.uk/vol1/fastq/ERR421/002/ERR4210492/ERR4210492_1.fastq.gz;ftp.sra.ebi.ac.uk/vol1/fastq/ERR421/002/ERR4210492/ERR4210492_2.fastq.gz"	395838	"ftp.sra.ebi.ac.uk/vol1/run/ERR421/ERR4210492/Mairy4249_S26_R1_001.fastq.gz;ftp.sra.ebi.ac.uk/vol1/run/ERR421/ERR4210492/Mairy4249_S26_R2_001.fastq.gz"
"SAMEA6875782"	"PRJEB38152"	"ERR4210493"	"Recy1"	"#N/A"	"ERS4603342"	2020-06-08	2020-06-08	"NextSeq 500"	"PAIRED"	"GENOMIC"	"ILLUMINA"	"unspecified"	"Targeted-Capture"	"fasp.sra.ebi.ac.uk:/vol1/fastq/ERR421/003/ERR4210493/ERR4210493_1.fastq.gz;fasp.sra.ebi.ac.uk:/vol1/fastq/ERR421/003/ERR4210493/ERR4210493_2.fastq.gz"	"43916271;46399237"	"89f7d486609a8b7c9dcd3e6b835e5873;e7429a3e3befc98969b8ee1b4f41cbd9"	"ftp.sra.ebi.ac.uk/vol1/fastq/ERR421/003/ERR4210493/ERR4210493_1.fastq.gz;ftp.sra.ebi.ac.uk/vol1/fastq/ERR421/003/ERR4210493/ERR4210493_2.fastq.gz"	815787	"ftp.sra.ebi.ac.uk/vol1/run/ERR421/ERR4210493/Recy1_S27_R1_001.fastq.gz;ftp.sra.ebi.ac.uk/vol1/run/ERR421/ERR4210493/Recy1_S27_R2_001.fastq.gz"
"SAMEA6875783"	"PRJEB38152"	"ERR4210494"	"Es1018-16"	"#N/A"	"ERS4603343"	2020-06-08	2020-06-08	"NextSeq 500"	"PAIRED"	"GENOMIC"	"ILLUMINA"	"unspecified"	"Targeted-Capture"	"fasp.sra.ebi.ac.uk:/vol1/fastq/ERR421/004/ERR4210494/ERR4210494_1.fastq.gz;fasp.sra.ebi.ac.uk:/vol1/fastq/ERR421/004/ERR4210494/ERR4210494_2.fastq.gz"	"22135340;23828801"	"c2465ff204716a03429e35e67d9836fc;f8f236ddbfaae1cb3da6dbd95c62be5b"	"ftp.sra.ebi.ac.uk/vol1/fastq/ERR421/004/ERR4210494/ERR4210494_1.fastq.gz;ftp.sra.ebi.ac.uk/vol1/fastq/ERR421/004/ERR4210494/ERR4210494_2.fastq.gz"	506393	"ftp.sra.ebi.ac.uk/vol1/run/ERR421/ERR4210494/Es1018-16CII_S37_L001_R1_001.fastq.gz;ftp.sra.ebi.ac.uk/vol1/run/ERR421/ERR4210494/Es1018-16CII_S37_L001_R2_001.fastq.gz"
"SAMEA6875785"	"PRJEB38152"	"ERR4210495"	"Es168"	"#N/A"	"ERS4603345"	2020-06-08	2020-06-09	"NextSeq 500"	"PAIRED"	"GENOMIC"	"ILLUMINA"	"unspecified"	"Targeted-Capture"	"fasp.sra.ebi.ac.uk:/vol1/fastq/ERR421/005/ERR4210495/ERR4210495_1.fastq.gz;fasp.sra.ebi.ac.uk:/vol1/fastq/ERR421/005/ERR4210495/ERR4210495_2.fastq.gz"	"52200282;54878333"	"7f8b5698d332da240e1a47683e43eda1;e666f7430e160a9aa155aa9ae64ac27a"	"ftp.sra.ebi.ac.uk/vol1/fastq/ERR421/005/ERR4210495/ERR4210495_1.fastq.gz;ftp.sra.ebi.ac.uk/vol1/fastq/ERR421/005/ERR4210495/ERR4210495_2.fastq.gz"	1197734	"ftp.sra.ebi.ac.uk/vol1/run/ERR421/ERR4210495/Es168CII_S34_L001_R1_001.fastq.gz;ftp.sra.ebi.ac.uk/vol1/run/ERR421/ERR4210495/Es168CII_S34_L001_R2_001.fastq.gz"
"SAMEA6875786"	"PRJEB38152"	"ERR4210496"	"Es278-1"	"#N/A"	"ERS4603346"	2020-06-08	2020-06-08	"NextSeq 500"	"PAIRED"	"GENOMIC"	"ILLUMINA"	"unspecified"	"Targeted-Capture"	"fasp.sra.ebi.ac.uk:/vol1/fastq/ERR421/006/ERR4210496/ERR4210496_1.fastq.gz;fasp.sra.ebi.ac.uk:/vol1/fastq/ERR421/006/ERR4210496/ERR4210496_2.fastq.gz"	"24763974;26393107"	"40e15428f02d23cbac856f2cb6f26397;30a39742f2dfc549b8907ba9a503a257"	"ftp.sra.ebi.ac.uk/vol1/fastq/ERR421/006/ERR4210496/ERR4210496_1.fastq.gz;ftp.sra.ebi.ac.uk/vol1/fastq/ERR421/006/ERR4210496/ERR4210496_2.fastq.gz"	583083	"ftp.sra.ebi.ac.uk/vol1/run/ERR421/ERR4210496/Es278-1CI_S18_L001_R1_001.fastq.gz;ftp.sra.ebi.ac.uk/vol1/run/ERR421/ERR4210496/Es278-1CI_S18_L001_R2_001.fastq.gz"
"SAMEA6875787"	"PRJEB38152"	"ERR4210497"	"Es42-3"	"#N/A"	"ERS4603347"	2020-06-08	2020-06-09	"NextSeq 500"	"PAIRED"	"GENOMIC"	"ILLUMINA"	"unspecified"	"Targeted-Capture"	"fasp.sra.ebi.ac.uk:/vol1/fastq/ERR421/007/ERR4210497/ERR4210497_1.fastq.gz;fasp.sra.ebi.ac.uk:/vol1/fastq/ERR421/007/ERR4210497/ERR4210497_2.fastq.gz"	"61265769;65622413"	"29c4883b046d0e7886d2f291884b8bb7;4bb5b97ccffcf9cb1416fa8c405ea808"	"ftp.sra.ebi.ac.uk/vol1/fastq/ERR421/007/ERR4210497/ERR4210497_1.fastq.gz;ftp.sra.ebi.ac.uk/vol1/fastq/ERR421/007/ERR4210497/ERR4210497_2.fastq.gz"	1426719	"ftp.sra.ebi.ac.uk/vol1/run/ERR421/ERR4210497/Es42-3CI_S1_L001_R1_001.fastq.gz;ftp.sra.ebi.ac.uk/vol1/run/ERR421/ERR4210497/Es42-3CI_S1_L001_R2_001.fastq.gz"
"SAMEA6875788"	"PRJEB38152"	"ERR4210498"	"Es454-1"	"#N/A"	"ERS4603348"	2020-06-08	2020-06-09	"NextSeq 500"	"PAIRED"	"GENOMIC"	"ILLUMINA"	"unspecified"	"Targeted-Capture"	"fasp.sra.ebi.ac.uk:/vol1/fastq/ERR421/008/ERR4210498/ERR4210498_1.fastq.gz;fasp.sra.ebi.ac.uk:/vol1/fastq/ERR421/008/ERR4210498/ERR4210498_2.fastq.gz"	"49109057;53245223"	"d2768b4dddca521bbea91457f5d03078;93bf45f6030e9eff8043567cd0987b4e"	"ftp.sra.ebi.ac.uk/vol1/fastq/ERR421/008/ERR4210498/ERR4210498_1.fastq.gz;ftp.sra.ebi.ac.uk/vol1/fastq/ERR421/008/ERR4210498/ERR4210498_2.fastq.gz"	1153540	"ftp.sra.ebi.ac.uk/vol1/run/ERR421/ERR4210498/Es454-1CII_S42_L001_R1_001.fastq.gz;ftp.sra.ebi.ac.uk/vol1/run/ERR421/ERR4210498/Es454-1CII_S42_L001_R2_001.fastq.gz"
"SAMEA6875789"	"PRJEB38152"	"ERR4210499"	"Es48-8"	"#N/A"	"ERS4603349"	2020-06-08	2020-06-08	"NextSeq 500"	"PAIRED"	"GENOMIC"	"ILLUMINA"	"unspecified"	"Targeted-Capture"	"fasp.sra.ebi.ac.uk:/vol1/fastq/ERR421/009/ERR4210499/ERR4210499_1.fastq.gz;fasp.sra.ebi.ac.uk:/vol1/fastq/ERR421/009/ERR4210499/ERR4210499_2.fastq.gz"	"64001291;67518899"	"f8b70f8c39605097ebd5d956739253d6;f6ae87b27dd6824ddbafecf240fb462f"	"ftp.sra.ebi.ac.uk/vol1/fastq/ERR421/009/ERR4210499/ERR4210499_1.fastq.gz;ftp.sra.ebi.ac.uk/vol1/fastq/ERR421/009/ERR4210499/ERR4210499_2.fastq.gz"	1497876	"ftp.sra.ebi.ac.uk/vol1/run/ERR421/ERR4210499/Es48-8CII_S40_L001_R1_001.fastq.gz;ftp.sra.ebi.ac.uk/vol1/run/ERR421/ERR4210499/Es48-8CII_S40_L001_R2_001.fastq.gz"
"SAMEA6875790"	"PRJEB38152"	"ERR4210500"	"Es48bis"	"#N/A"	"ERS4603350"	2020-06-08	2020-06-09	"NextSeq 500"	"PAIRED"	"GENOMIC"	"ILLUMINA"	"unspecified"	"Targeted-Capture"	"fasp.sra.ebi.ac.uk:/vol1/fastq/ERR421/000/ERR4210500/ERR4210500_1.fastq.gz;fasp.sra.ebi.ac.uk:/vol1/fastq/ERR421/000/ERR4210500/ERR4210500_2.fastq.gz"	"48518667;51078836"	"79cb86432ea9cbb4bc3dfb05beb96d67;f4272aa17276aeb39b070fafb3c6beb6"	"ftp.sra.ebi.ac.uk/vol1/fastq/ERR421/000/ERR4210500/ERR4210500_1.fastq.gz;ftp.sra.ebi.ac.uk/vol1/fastq/ERR421/000/ERR4210500/ERR4210500_2.fastq.gz"	1131835	"ftp.sra.ebi.ac.uk/vol1/run/ERR421/ERR4210500/Es48bisCI_S21_L001_R1_001.fastq.gz;ftp.sra.ebi.ac.uk/vol1/run/ERR421/ERR4210500/Es48bisCI_S21_L001_R2_001.fastq.gz"
"SAMEA6875791"	"PRJEB38152"	"ERR4210501"	"Es626-27"	"#N/A"	"ERS4603351"	2020-06-08	2020-06-08	"NextSeq 500"	"PAIRED"	"GENOMIC"	"ILLUMINA"	"unspecified"	"Targeted-Capture"	"fasp.sra.ebi.ac.uk:/vol1/fastq/ERR421/001/ERR4210501/ERR4210501_1.fastq.gz;fasp.sra.ebi.ac.uk:/vol1/fastq/ERR421/001/ERR4210501/ERR4210501_2.fastq.gz"	"79186924;82921347"	"9d526fbda8ee578ebb6713fcadc390ea;c582baf99c00a665f36e2cbb8b441fc5"	"ftp.sra.ebi.ac.uk/vol1/fastq/ERR421/001/ERR4210501/ERR4210501_1.fastq.gz;ftp.sra.ebi.ac.uk/vol1/fastq/ERR421/001/ERR4210501/ERR4210501_2.fastq.gz"	1794016	"ftp.sra.ebi.ac.uk/vol1/run/ERR421/ERR4210501/Es626-27CI_S16_L001_R1_001.fastq.gz;ftp.sra.ebi.ac.uk/vol1/run/ERR421/ERR4210501/Es626-27CI_S16_L001_R2_001.fastq.gz"
"SAMEA6875792"	"PRJEB38152"	"ERR4210502"	"Es637-1"	"#N/A"	"ERS4603352"	2020-06-08	2020-06-13	"NextSeq 500"	"PAIRED"	"GENOMIC"	"ILLUMINA"	"unspecified"	"Targeted-Capture"	"fasp.sra.ebi.ac.uk:/vol1/fastq/ERR421/002/ERR4210502/ERR4210502_1.fastq.gz;fasp.sra.ebi.ac.uk:/vol1/fastq/ERR421/002/ERR4210502/ERR4210502_2.fastq.gz"	"57668434;61729516"	"b2baa94c1244496777a31112817d1baf;780a052c08454d13fa7c321c55134898"	"ftp.sra.ebi.ac.uk/vol1/fastq/ERR421/002/ERR4210502/ERR4210502_1.fastq.gz;ftp.sra.ebi.ac.uk/vol1/fastq/ERR421/002/ERR4210502/ERR4210502_2.fastq.gz"	1325124	"ftp.sra.ebi.ac.uk/vol1/run/ERR421/ERR4210502/Es637-1CII_S33_L001_R1_001.fastq.gz;ftp.sra.ebi.ac.uk/vol1/run/ERR421/ERR4210502/Es637-1CII_S33_L001_R2_001.fastq.gz"
"SAMEA6875793"	"PRJEB38152"	"ERR4210503"	"Es75-5"	"#N/A"	"ERS4603353"	2020-06-08	2020-06-13	"NextSeq 500"	"PAIRED"	"GENOMIC"	"ILLUMINA"	"unspecified"	"Targeted-Capture"	"fasp.sra.ebi.ac.uk:/vol1/fastq/ERR421/003/ERR4210503/ERR4210503_1.fastq.gz;fasp.sra.ebi.ac.uk:/vol1/fastq/ERR421/003/ERR4210503/ERR4210503_2.fastq.gz"	"30715190;33439597"	"b39881e3dc2399f873a0b1b08c5717b2;d1cf748f36d708eab7ce78858081f436"	"ftp.sra.ebi.ac.uk/vol1/fastq/ERR421/003/ERR4210503/ERR4210503_1.fastq.gz;ftp.sra.ebi.ac.uk/vol1/fastq/ERR421/003/ERR4210503/ERR4210503_2.fastq.gz"	703045	"ftp.sra.ebi.ac.uk/vol1/run/ERR421/ERR4210503/Es75-5CII_S39_L001_R1_001.fastq.gz;ftp.sra.ebi.ac.uk/vol1/run/ERR421/ERR4210503/Es75-5CII_S39_L001_R2_001.fastq.gz"
"SAMEA6875794"	"PRJEB38152"	"ERR4210504"	"Es791-1"	"#N/A"	"ERS4603354"	2020-06-08	2020-06-08	"NextSeq 500"	"PAIRED"	"GENOMIC"	"ILLUMINA"	"unspecified"	"Targeted-Capture"	"fasp.sra.ebi.ac.uk:/vol1/fastq/ERR421/004/ERR4210504/ERR4210504_1.fastq.gz;fasp.sra.ebi.ac.uk:/vol1/fastq/ERR421/004/ERR4210504/ERR4210504_2.fastq.gz"	"12456560;13404111"	"d7d98b6612afa6a11a8d55424f288b39;435c0688668366d7effd6705ce94faf4"	"ftp.sra.ebi.ac.uk/vol1/fastq/ERR421/004/ERR4210504/ERR4210504_1.fastq.gz;ftp.sra.ebi.ac.uk/vol1/fastq/ERR421/004/ERR4210504/ERR4210504_2.fastq.gz"	287228	"ftp.sra.ebi.ac.uk/vol1/run/ERR421/ERR4210504/Es791-1CII_S32_L001_R1_001.fastq.gz;ftp.sra.ebi.ac.uk/vol1/run/ERR421/ERR4210504/Es791-1CII_S32_L001_R2_001.fastq.gz"
"SAMEA6875795"	"PRJEB38152"	"ERR4210505"	"Es90-9"	"#N/A"	"ERS4603355"	2020-06-08	2020-06-08	"NextSeq 500"	"PAIRED"	"GENOMIC"	"ILLUMINA"	"unspecified"	"Targeted-Capture"	"fasp.sra.ebi.ac.uk:/vol1/fastq/ERR421/005/ERR4210505/ERR4210505_1.fastq.gz;fasp.sra.ebi.ac.uk:/vol1/fastq/ERR421/005/ERR4210505/ERR4210505_2.fastq.gz"	"8456440;9385654"	"9dba2dab4a53f2ffa585c90004499f85;07e2338268d259aaba5663acd0547fd6"	"ftp.sra.ebi.ac.uk/vol1/fastq/ERR421/005/ERR4210505/ERR4210505_1.fastq.gz;ftp.sra.ebi.ac.uk/vol1/fastq/ERR421/005/ERR4210505/ERR4210505_2.fastq.gz"	196324	"ftp.sra.ebi.ac.uk/vol1/run/ERR421/ERR4210505/Es90-9CII_S44_L001_R1_001.fastq.gz;ftp.sra.ebi.ac.uk/vol1/run/ERR421/ERR4210505/Es90-9CII_S44_L001_R2_001.fastq.gz"
"SAMEA6875796"	"PRJEB38152"	"ERR4210506"	"SP1"	"#N/A"	"ERS4603356"	2020-06-08	2020-06-08	"NextSeq 500"	"PAIRED"	"GENOMIC"	"ILLUMINA"	"unspecified"	"Targeted-Capture"	"fasp.sra.ebi.ac.uk:/vol1/fastq/ERR421/006/ERR4210506/ERR4210506_1.fastq.gz;fasp.sra.ebi.ac.uk:/vol1/fastq/ERR421/006/ERR4210506/ERR4210506_2.fastq.gz"	"64310572;69637443"	"b5bc0e897a3a48f575cb6f4e6eb8c379;95c093f06500bd8b2b3b96e4e7eb0bd5"	"ftp.sra.ebi.ac.uk/vol1/fastq/ERR421/006/ERR4210506/ERR4210506_1.fastq.gz;ftp.sra.ebi.ac.uk/vol1/fastq/ERR421/006/ERR4210506/ERR4210506_2.fastq.gz"	1111913	"ftp.sra.ebi.ac.uk/vol1/run/ERR421/ERR4210506/SP1_S52_R1_001.fastq.gz;ftp.sra.ebi.ac.uk/vol1/run/ERR421/ERR4210506/SP1_S52_R2_001.fastq.gz"
"SAMEA6875798"	"PRJEB38152"	"ERR4210507"	"SP249"	"#N/A"	"ERS4603358"	2020-06-08	2020-06-09	"NextSeq 500"	"PAIRED"	"GENOMIC"	"ILLUMINA"	"unspecified"	"Targeted-Capture"	"fasp.sra.ebi.ac.uk:/vol1/fastq/ERR421/007/ERR4210507/ERR4210507_1.fastq.gz;fasp.sra.ebi.ac.uk:/vol1/fastq/ERR421/007/ERR4210507/ERR4210507_2.fastq.gz"	"62346859;66637087"	"489b927c5e1cc3d25eef69302bb3f32d;ff5abba6cdcb9fbfd9bcf3b6c4d36658"	"ftp.sra.ebi.ac.uk/vol1/fastq/ERR421/007/ERR4210507/ERR4210507_1.fastq.gz;ftp.sra.ebi.ac.uk/vol1/fastq/ERR421/007/ERR4210507/ERR4210507_2.fastq.gz"	1106766	"ftp.sra.ebi.ac.uk/vol1/run/ERR421/ERR4210507/SP249_S53_R1_001.fastq.gz;ftp.sra.ebi.ac.uk/vol1/run/ERR421/ERR4210507/SP249_S53_R2_001.fastq.gz"
"SAMEA6875811"	"PRJEB38152"	"ERR4210508"	"CRE3"	"#N/A"	"ERS4603371"	2020-06-08	2020-06-09	"NextSeq 500"	"PAIRED"	"GENOMIC"	"ILLUMINA"	"unspecified"	"Targeted-Capture"	"fasp.sra.ebi.ac.uk:/vol1/fastq/ERR421/008/ERR4210508/ERR4210508_1.fastq.gz;fasp.sra.ebi.ac.uk:/vol1/fastq/ERR421/008/ERR4210508/ERR4210508_2.fastq.gz"	"36519254;38523175"	"344d9e621b117855061c965776f3935b;fa1080d73da56aecae03ded724d36f9b"	"ftp.sra.ebi.ac.uk/vol1/fastq/ERR421/008/ERR4210508/ERR4210508_1.fastq.gz;ftp.sra.ebi.ac.uk/vol1/fastq/ERR421/008/ERR4210508/ERR4210508_2.fastq.gz"	685771	"ftp.sra.ebi.ac.uk/vol1/run/ERR421/ERR4210508/CRE3_S6_R1_001.fastq.gz;ftp.sra.ebi.ac.uk/vol1/run/ERR421/ERR4210508/CRE3_S6_R2_001.fastq.gz"
"SAMEA6875815"	"PRJEB38152"	"ERR4210509"	"CRE7-A"	"#N/A"	"ERS4603375"	2020-06-08	2020-06-08	"NextSeq 500"	"PAIRED"	"GENOMIC"	"ILLUMINA"	"unspecified"	"Targeted-Capture"	"fasp.sra.ebi.ac.uk:/vol1/fastq/ERR421/009/ERR4210509/ERR4210509_1.fastq.gz;fasp.sra.ebi.ac.uk:/vol1/fastq/ERR421/009/ERR4210509/ERR4210509_2.fastq.gz"	"18513190;19967737"	"64c8e9ca37e8ea13d4be51f1d9188f02;752b3dbfcdc8daaa5699b3d16027a8e7"	"ftp.sra.ebi.ac.uk/vol1/fastq/ERR421/009/ERR4210509/ERR4210509_1.fastq.gz;ftp.sra.ebi.ac.uk/vol1/fastq/ERR421/009/ERR4210509/ERR4210509_2.fastq.gz"	349698	"ftp.sra.ebi.ac.uk/vol1/run/ERR421/ERR4210509/CRE7-A_S1_R1_001.fastq.gz;ftp.sra.ebi.ac.uk/vol1/run/ERR421/ERR4210509/CRE7-A_S1_R2_001.fastq.gz"
"SAMEA6875816"	"PRJEB38152"	"ERR4210510"	"CRE8C"	"#N/A"	"ERS4603376"	2020-06-08	2020-06-09	"NextSeq 500"	"PAIRED"	"GENOMIC"	"ILLUMINA"	"unspecified"	"Targeted-Capture"	"fasp.sra.ebi.ac.uk:/vol1/fastq/ERR421/000/ERR4210510/ERR4210510_1.fastq.gz;fasp.sra.ebi.ac.uk:/vol1/fastq/ERR421/000/ERR4210510/ERR4210510_2.fastq.gz"	"35833560;38834373"	"3ba01fa34af2ecd523bbcbbc374ce9f2;8a3df65de479bb243a1d6802a996781d"	"ftp.sra.ebi.ac.uk/vol1/fastq/ERR421/000/ERR4210510/ERR4210510_1.fastq.gz;ftp.sra.ebi.ac.uk/vol1/fastq/ERR421/000/ERR4210510/ERR4210510_2.fastq.gz"	651260	"ftp.sra.ebi.ac.uk/vol1/run/ERR421/ERR4210510/CRE8-C_S3_R1_001.fastq.gz;ftp.sra.ebi.ac.uk/vol1/run/ERR421/ERR4210510/CRE8-C_S3_R2_001.fastq.gz"
"SAMEA6875820"	"PRJEB38152"	"ERR4210511"	"CRE14"	"#N/A"	"ERS4603380"	2020-06-08	2020-06-09	"NextSeq 500"	"PAIRED"	"GENOMIC"	"ILLUMINA"	"unspecified"	"Targeted-Capture"	"fasp.sra.ebi.ac.uk:/vol1/fastq/ERR421/001/ERR4210511/ERR4210511_1.fastq.gz;fasp.sra.ebi.ac.uk:/vol1/fastq/ERR421/001/ERR4210511/ERR4210511_2.fastq.gz"	"39689133;40978963"	"bf81d7bd8becc6c0c0b5a4c13531152d;0f4f7433f0e9033d77cb1da523c39da0"	"ftp.sra.ebi.ac.uk/vol1/fastq/ERR421/001/ERR4210511/ERR4210511_1.fastq.gz;ftp.sra.ebi.ac.uk/vol1/fastq/ERR421/001/ERR4210511/ERR4210511_2.fastq.gz"	750870	"ftp.sra.ebi.ac.uk/vol1/run/ERR421/ERR4210511/CRE14_S2_R1_001.fastq.gz;ftp.sra.ebi.ac.uk/vol1/run/ERR421/ERR4210511/CRE14_S2_R2_001.fastq.gz"
"SAMEA6875821"	"PRJEB38152"	"ERR4210512"	"CRE20-A"	"#N/A"	"ERS4603381"	2020-06-08	2020-06-08	"NextSeq 500"	"PAIRED"	"GENOMIC"	"ILLUMINA"	"unspecified"	"Targeted-Capture"	"fasp.sra.ebi.ac.uk:/vol1/fastq/ERR421/002/ERR4210512/ERR4210512_1.fastq.gz;fasp.sra.ebi.ac.uk:/vol1/fastq/ERR421/002/ERR4210512/ERR4210512_2.fastq.gz"	"49438782;52084637"	"c7f88aad3af6d1bb1373f28eb138bff1;e448d9205b6aa7937ac418d0d5cdada9"	"ftp.sra.ebi.ac.uk/vol1/fastq/ERR421/002/ERR4210512/ERR4210512_1.fastq.gz;ftp.sra.ebi.ac.uk/vol1/fastq/ERR421/002/ERR4210512/ERR4210512_2.fastq.gz"	900047	"ftp.sra.ebi.ac.uk/vol1/run/ERR421/ERR4210512/CRE20-A_S4_R1_001.fastq.gz;ftp.sra.ebi.ac.uk/vol1/run/ERR421/ERR4210512/CRE20-A_S4_R2_001.fastq.gz"
"SAMEA6875822"	"PRJEB38152"	"ERR4210513"	"CRE20-B"	"#N/A"	"ERS4603382"	2020-06-08	2020-06-09	"NextSeq 500"	"PAIRED"	"GENOMIC"	"ILLUMINA"	"unspecified"	"Targeted-Capture"	"fasp.sra.ebi.ac.uk:/vol1/fastq/ERR421/003/ERR4210513/ERR4210513_1.fastq.gz;fasp.sra.ebi.ac.uk:/vol1/fastq/ERR421/003/ERR4210513/ERR4210513_2.fastq.gz"	"72332476;75460892"	"a6a745f7ea51c4e1991e59864c7af655;b2db499db9e27f6a569bbf5a8149f0cf"	"ftp.sra.ebi.ac.uk/vol1/fastq/ERR421/003/ERR4210513/ERR4210513_1.fastq.gz;ftp.sra.ebi.ac.uk/vol1/fastq/ERR421/003/ERR4210513/ERR4210513_2.fastq.gz"	1376884	"ftp.sra.ebi.ac.uk/vol1/run/ERR421/ERR4210513/CRE20-D_S9_R1_001.fastq.gz;ftp.sra.ebi.ac.uk/vol1/run/ERR421/ERR4210513/CRE20-D_S9_R2_001.fastq.gz"
"SAMEA6875823"	"PRJEB38152"	"ERR4210514"	"CRE21"	"#N/A"	"ERS4603383"	2020-06-08	2020-06-09	"NextSeq 500"	"PAIRED"	"GENOMIC"	"ILLUMINA"	"unspecified"	"Targeted-Capture"	"fasp.sra.ebi.ac.uk:/vol1/fastq/ERR421/004/ERR4210514/ERR4210514_1.fastq.gz;fasp.sra.ebi.ac.uk:/vol1/fastq/ERR421/004/ERR4210514/ERR4210514_2.fastq.gz"	"42873647;45935803"	"141c2ee816e5083346554ad01c3a7128;48030de59f252ba40b4415a4291fdbd1"	"ftp.sra.ebi.ac.uk/vol1/fastq/ERR421/004/ERR4210514/ERR4210514_1.fastq.gz;ftp.sra.ebi.ac.uk/vol1/fastq/ERR421/004/ERR4210514/ERR4210514_2.fastq.gz"	801911	"ftp.sra.ebi.ac.uk/vol1/run/ERR421/ERR4210514/CRE21_S10_R1_001.fastq.gz;ftp.sra.ebi.ac.uk/vol1/run/ERR421/ERR4210514/CRE21_S10_R2_001.fastq.gz"
"SAMEA6875827"	"PRJEB38152"	"ERR4210515"	"PIR1"	"#N/A"	"ERS4603387"	2020-06-08	2020-06-08	"NextSeq 500"	"PAIRED"	"GENOMIC"	"ILLUMINA"	"unspecified"	"Targeted-Capture"	"fasp.sra.ebi.ac.uk:/vol1/fastq/ERR421/005/ERR4210515/ERR4210515_1.fastq.gz;fasp.sra.ebi.ac.uk:/vol1/fastq/ERR421/005/ERR4210515/ERR4210515_2.fastq.gz"	"14786561;16043635"	"7dd8a8167880947a0209d840f1e3b5bd;85057434944407407ff2e95e31066923"	"ftp.sra.ebi.ac.uk/vol1/fastq/ERR421/005/ERR4210515/ERR4210515_1.fastq.gz;ftp.sra.ebi.ac.uk/vol1/fastq/ERR421/005/ERR4210515/ERR4210515_2.fastq.gz"	274855	"ftp.sra.ebi.ac.uk/vol1/run/ERR421/ERR4210515/Pir1_S42_R1_001.fastq.gz;ftp.sra.ebi.ac.uk/vol1/run/ERR421/ERR4210515/Pir1_S42_R2_001.fastq.gz"
"SAMEA6875828"	"PRJEB38152"	"ERR4210516"	"Pir2"	"#N/A"	"ERS4603388"	2020-06-08	2020-06-08	"NextSeq 500"	"PAIRED"	"GENOMIC"	"ILLUMINA"	"unspecified"	"Targeted-Capture"	"fasp.sra.ebi.ac.uk:/vol1/fastq/ERR421/006/ERR4210516/ERR4210516_1.fastq.gz;fasp.sra.ebi.ac.uk:/vol1/fastq/ERR421/006/ERR4210516/ERR4210516_2.fastq.gz"	"14154864;15120072"	"c54fa5131c4c58693a44e6f49af1114a;bca09914af355118946478789a912cbd"	"ftp.sra.ebi.ac.uk/vol1/fastq/ERR421/006/ERR4210516/ERR4210516_1.fastq.gz;ftp.sra.ebi.ac.uk/vol1/fastq/ERR421/006/ERR4210516/ERR4210516_2.fastq.gz"	260409	"ftp.sra.ebi.ac.uk/vol1/run/ERR421/ERR4210516/Pir2_S24_R1_001.fastq.gz;ftp.sra.ebi.ac.uk/vol1/run/ERR421/ERR4210516/Pir2_S24_R2_001.fastq.gz"
"SAMEA6875829"	"PRJEB38152"	"ERR4210517"	"Pir3"	"#N/A"	"ERS4603389"	2020-06-08	2020-06-09	"NextSeq 500"	"PAIRED"	"GENOMIC"	"ILLUMINA"	"unspecified"	"Targeted-Capture"	"fasp.sra.ebi.ac.uk:/vol1/fastq/ERR421/007/ERR4210517/ERR4210517_1.fastq.gz;fasp.sra.ebi.ac.uk:/vol1/fastq/ERR421/007/ERR4210517/ERR4210517_2.fastq.gz"	"58546919;62260855"	"387b9a0cfa7c04f27686bd3d8e65a047;a45d22c16ff94bc5aa51d6f0b1a727aa"	"ftp.sra.ebi.ac.uk/vol1/fastq/ERR421/007/ERR4210517/ERR4210517_1.fastq.gz;ftp.sra.ebi.ac.uk/vol1/fastq/ERR421/007/ERR4210517/ERR4210517_2.fastq.gz"	1098571	"ftp.sra.ebi.ac.uk/vol1/run/ERR421/ERR4210517/Pir3_S25_R1_001.fastq.gz;ftp.sra.ebi.ac.uk/vol1/run/ERR421/ERR4210517/Pir3_S25_R2_001.fastq.gz"
"SAMEA6875830"	"PRJEB38152"	"ERR4210518"	"Pir7"	"#N/A"	"ERS4603390"	2020-06-08	2020-06-09	"NextSeq 500"	"PAIRED"	"GENOMIC"	"ILLUMINA"	"unspecified"	"Targeted-Capture"	"fasp.sra.ebi.ac.uk:/vol1/fastq/ERR421/008/ERR4210518/ERR4210518_1.fastq.gz;fasp.sra.ebi.ac.uk:/vol1/fastq/ERR421/008/ERR4210518/ERR4210518_2.fastq.gz"	"68369157;74183259"	"e82c94408f5d420c6a71964e6e59b71d;f502f8cc9c1d93b971c38d56ec0984b2"	"ftp.sra.ebi.ac.uk/vol1/fastq/ERR421/008/ERR4210518/ERR4210518_1.fastq.gz;ftp.sra.ebi.ac.uk/vol1/fastq/ERR421/008/ERR4210518/ERR4210518_2.fastq.gz"	1287701	"ftp.sra.ebi.ac.uk/vol1/run/ERR421/ERR4210518/Pir7_S27_R1_001.fastq.gz;ftp.sra.ebi.ac.uk/vol1/run/ERR421/ERR4210518/Pir7_S27_R2_001.fastq.gz"
"SAMEA6875852"	"PRJEB38152"	"ERR4210519"	"EUG12"	"#N/A"	"ERS4603412"	2020-06-08	2020-06-09	"NextSeq 500"	"PAIRED"	"GENOMIC"	"ILLUMINA"	"unspecified"	"Targeted-Capture"	"fasp.sra.ebi.ac.uk:/vol1/fastq/ERR421/009/ERR4210519/ERR4210519_1.fastq.gz;fasp.sra.ebi.ac.uk:/vol1/fastq/ERR421/009/ERR4210519/ERR4210519_2.fastq.gz"	"358746807;383145893"	"4424691e5ff0807fc750204af165d7f1;944714c7ed042978891b11844caa42ba"	"ftp.sra.ebi.ac.uk/vol1/fastq/ERR421/009/ERR4210519/ERR4210519_1.fastq.gz;ftp.sra.ebi.ac.uk/vol1/fastq/ERR421/009/ERR4210519/ERR4210519_2.fastq.gz"	6201356	"ftp.sra.ebi.ac.uk/vol1/run/ERR421/ERR4210519/EUG12_S26_R1_001.fastq.gz;ftp.sra.ebi.ac.uk/vol1/run/ERR421/ERR4210519/EUG12_S26_R2_001.fastq.gz"
"SAMEA6875853"	"PRJEB38152"	"ERR4210520"	"EUG2"	"#N/A"	"ERS4603413"	2020-06-08	2020-06-08	"NextSeq 500"	"PAIRED"	"GENOMIC"	"ILLUMINA"	"unspecified"	"Targeted-Capture"	"fasp.sra.ebi.ac.uk:/vol1/fastq/ERR421/000/ERR4210520/ERR4210520_1.fastq.gz;fasp.sra.ebi.ac.uk:/vol1/fastq/ERR421/000/ERR4210520/ERR4210520_2.fastq.gz"	"59598;67599"	"f43bac4e7cfbf89f863cd966a29240f4;23fa5b695054421f16c07a15c334c3d4"	"ftp.sra.ebi.ac.uk/vol1/fastq/ERR421/000/ERR4210520/ERR4210520_1.fastq.gz;ftp.sra.ebi.ac.uk/vol1/fastq/ERR421/000/ERR4210520/ERR4210520_2.fastq.gz"	872	"ftp.sra.ebi.ac.uk/vol1/run/ERR421/ERR4210520/EUG2_S47_R1_001.fastq.gz;ftp.sra.ebi.ac.uk/vol1/run/ERR421/ERR4210520/EUG2_S47_R2_001.fastq.gz"
"SAMEA6875854"	"PRJEB38152"	"ERR4210521"	"EUG5"	"#N/A"	"ERS4603414"	2020-06-08	2020-06-08	"NextSeq 500"	"PAIRED"	"GENOMIC"	"ILLUMINA"	"unspecified"	"Targeted-Capture"	"fasp.sra.ebi.ac.uk:/vol1/fastq/ERR421/001/ERR4210521/ERR4210521_1.fastq.gz;fasp.sra.ebi.ac.uk:/vol1/fastq/ERR421/001/ERR4210521/ERR4210521_2.fastq.gz"	"7026320;7642909"	"e14cd66d1be02655a951bc6d0e2def84;b444e27562a4e8f6c170c15fb0b10db7"	"ftp.sra.ebi.ac.uk/vol1/fastq/ERR421/001/ERR4210521/ERR4210521_1.fastq.gz;ftp.sra.ebi.ac.uk/vol1/fastq/ERR421/001/ERR4210521/ERR4210521_2.fastq.gz"	119878	"ftp.sra.ebi.ac.uk/vol1/run/ERR421/ERR4210521/EUG5_S22_R1_001.fastq.gz;ftp.sra.ebi.ac.uk/vol1/run/ERR421/ERR4210521/EUG5_S22_R2_001.fastq.gz"
"SAMEA6875855"	"PRJEB38152"	"ERR4210522"	"EUG8"	"#N/A"	"ERS4603415"	2020-06-08	2020-06-13	"NextSeq 500"	"PAIRED"	"GENOMIC"	"ILLUMINA"	"unspecified"	"Targeted-Capture"	"fasp.sra.ebi.ac.uk:/vol1/fastq/ERR421/002/ERR4210522/ERR4210522_1.fastq.gz;fasp.sra.ebi.ac.uk:/vol1/fastq/ERR421/002/ERR4210522/ERR4210522_2.fastq.gz"	"88467355;95877463"	"34017983911eccb9308e34657b3c31fa;695a1c06216682ec62ee85e1a4f80692"	"ftp.sra.ebi.ac.uk/vol1/fastq/ERR421/002/ERR4210522/ERR4210522_1.fastq.gz;ftp.sra.ebi.ac.uk/vol1/fastq/ERR421/002/ERR4210522/ERR4210522_2.fastq.gz"	1515376	"ftp.sra.ebi.ac.uk/vol1/run/ERR421/ERR4210522/EUG8_S23_R1_001.fastq.gz;ftp.sra.ebi.ac.uk/vol1/run/ERR421/ERR4210522/EUG8_S23_R2_001.fastq.gz"
"SAMEA6875856"	"PRJEB38152"	"ERR4210523"	"FAD1"	"#N/A"	"ERS4603416"	2020-06-08	2020-06-08	"NextSeq 500"	"PAIRED"	"GENOMIC"	"ILLUMINA"	"unspecified"	"Targeted-Capture"	"fasp.sra.ebi.ac.uk:/vol1/fastq/ERR421/003/ERR4210523/ERR4210523_1.fastq.gz;fasp.sra.ebi.ac.uk:/vol1/fastq/ERR421/003/ERR4210523/ERR4210523_2.fastq.gz"	"46033021;47908953"	"d8b8a4460e6c7a42d9e4becbbd75eb3a;c1eabc652e68ca60269882dcd12f7788"	"ftp.sra.ebi.ac.uk/vol1/fastq/ERR421/003/ERR4210523/ERR4210523_1.fastq.gz;ftp.sra.ebi.ac.uk/vol1/fastq/ERR421/003/ERR4210523/ERR4210523_2.fastq.gz"	857443	"ftp.sra.ebi.ac.uk/vol1/run/ERR421/ERR4210523/FAD1_S11_R1_001.fastq.gz;ftp.sra.ebi.ac.uk/vol1/run/ERR421/ERR4210523/FAD1_S11_R2_001.fastq.gz"
"SAMEA6875857"	"PRJEB38152"	"ERR4210524"	"FAD10"	"#N/A"	"ERS4603417"	2020-06-08	2020-06-08	"NextSeq 500"	"PAIRED"	"GENOMIC"	"ILLUMINA"	"unspecified"	"Targeted-Capture"	"fasp.sra.ebi.ac.uk:/vol1/fastq/ERR421/004/ERR4210524/ERR4210524_1.fastq.gz;fasp.sra.ebi.ac.uk:/vol1/fastq/ERR421/004/ERR4210524/ERR4210524_2.fastq.gz"	"22475493;23405214"	"259f28e16269dd398f723ba9d8ec06dd;75b7d9957c0729769c1acce62248f953"	"ftp.sra.ebi.ac.uk/vol1/fastq/ERR421/004/ERR4210524/ERR4210524_1.fastq.gz;ftp.sra.ebi.ac.uk/vol1/fastq/ERR421/004/ERR4210524/ERR4210524_2.fastq.gz"	412640	"ftp.sra.ebi.ac.uk/vol1/run/ERR421/ERR4210524/FAD10_S19_R1_001.fastq.gz;ftp.sra.ebi.ac.uk/vol1/run/ERR421/ERR4210524/FAD10_S19_R2_001.fastq.gz"
"SAMEA6875858"	"PRJEB38152"	"ERR4210525"	"FAD12"	"#N/A"	"ERS4603418"	2020-06-08	2020-06-08	"NextSeq 500"	"PAIRED"	"GENOMIC"	"ILLUMINA"	"unspecified"	"Targeted-Capture"	"fasp.sra.ebi.ac.uk:/vol1/fastq/ERR421/005/ERR4210525/ERR4210525_1.fastq.gz;fasp.sra.ebi.ac.uk:/vol1/fastq/ERR421/005/ERR4210525/ERR4210525_2.fastq.gz"	"13720555;14919505"	"10c5c346e426c9897a74482c77defacd;3fbdfb96b87d636cb12ea418418e21e3"	"ftp.sra.ebi.ac.uk/vol1/fastq/ERR421/005/ERR4210525/ERR4210525_1.fastq.gz;ftp.sra.ebi.ac.uk/vol1/fastq/ERR421/005/ERR4210525/ERR4210525_2.fastq.gz"	250354	"ftp.sra.ebi.ac.uk/vol1/run/ERR421/ERR4210525/FAD12_S20_R1_001.fastq.gz;ftp.sra.ebi.ac.uk/vol1/run/ERR421/ERR4210525/FAD12_S20_R2_001.fastq.gz"
"SAMEA6875859"	"PRJEB38152"	"ERR4210526"	"FAD3"	"#N/A"	"ERS4603419"	2020-06-08	2020-06-08	"NextSeq 500"	"PAIRED"	"GENOMIC"	"ILLUMINA"	"unspecified"	"Targeted-Capture"	"fasp.sra.ebi.ac.uk:/vol1/fastq/ERR421/006/ERR4210526/ERR4210526_1.fastq.gz;fasp.sra.ebi.ac.uk:/vol1/fastq/ERR421/006/ERR4210526/ERR4210526_2.fastq.gz"	"68474145;73020795"	"ca638e4ccec4f8ea93dd304b4325ed22;6b3bad6ae75a7e0cba292c4cd1619fad"	"ftp.sra.ebi.ac.uk/vol1/fastq/ERR421/006/ERR4210526/ERR4210526_1.fastq.gz;ftp.sra.ebi.ac.uk/vol1/fastq/ERR421/006/ERR4210526/ERR4210526_2.fastq.gz"	1268114	"ftp.sra.ebi.ac.uk/vol1/run/ERR421/ERR4210526/FAD3_S13_R1_001.fastq.gz;ftp.sra.ebi.ac.uk/vol1/run/ERR421/ERR4210526/FAD3_S13_R2_001.fastq.gz"
"SAMEA6875860"	"PRJEB38152"	"ERR4210527"	"OBE3626-2"	"#N/A"	"ERS4603420"	2020-06-08	2020-06-08	"NextSeq 500"	"PAIRED"	"GENOMIC"	"ILLUMINA"	"unspecified"	"Targeted-Capture"	"fasp.sra.ebi.ac.uk:/vol1/fastq/ERR421/007/ERR4210527/ERR4210527_1.fastq.gz;fasp.sra.ebi.ac.uk:/vol1/fastq/ERR421/007/ERR4210527/ERR4210527_2.fastq.gz"	"21976881;24298557"	"9dad0af6b8282199dbe2c98273a480c9;e9e2e5713271d375681a77fce33ecce2"	"ftp.sra.ebi.ac.uk/vol1/fastq/ERR421/007/ERR4210527/ERR4210527_1.fastq.gz;ftp.sra.ebi.ac.uk/vol1/fastq/ERR421/007/ERR4210527/ERR4210527_2.fastq.gz"	378928	"ftp.sra.ebi.ac.uk/vol1/run/ERR421/ERR4210527/OBE3626-2_S25_R1_001.fastq.gz;ftp.sra.ebi.ac.uk/vol1/run/ERR421/ERR4210527/OBE3626-2_S25_R2_001.fastq.gz"
"SAMEA6875861"	"PRJEB38152"	"ERR4210528"	"OBE3628"	"#N/A"	"ERS4603421"	2020-06-08	2020-06-08	"NextSeq 500"	"PAIRED"	"GENOMIC"	"ILLUMINA"	"unspecified"	"Targeted-Capture"	"fasp.sra.ebi.ac.uk:/vol1/fastq/ERR421/008/ERR4210528/ERR4210528_1.fastq.gz;fasp.sra.ebi.ac.uk:/vol1/fastq/ERR421/008/ERR4210528/ERR4210528_2.fastq.gz"	"6501304;6914392"	"0592d2835a5c7a4f1954af577fac3257;d5c7161a9c66736971aa8067c0fbeec4"	"ftp.sra.ebi.ac.uk/vol1/fastq/ERR421/008/ERR4210528/ERR4210528_1.fastq.gz;ftp.sra.ebi.ac.uk/vol1/fastq/ERR421/008/ERR4210528/ERR4210528_2.fastq.gz"	109368	"ftp.sra.ebi.ac.uk/vol1/run/ERR421/ERR4210528/OBE3628_S26_R1_001.fastq.gz;ftp.sra.ebi.ac.uk/vol1/run/ERR421/ERR4210528/OBE3628_S26_R2_001.fastq.gz"
"SAMEA6875862"	"PRJEB38152"	"ERR4210529"	"BIS159"	"#N/A"	"ERS4603422"	2020-06-08	2020-06-08	"NextSeq 500"	"PAIRED"	"GENOMIC"	"ILLUMINA"	"unspecified"	"Targeted-Capture"	"fasp.sra.ebi.ac.uk:/vol1/fastq/ERR421/009/ERR4210529/ERR4210529_1.fastq.gz;fasp.sra.ebi.ac.uk:/vol1/fastq/ERR421/009/ERR4210529/ERR4210529_2.fastq.gz"	"25488953;26873931"	"9f6f8df746a9d980c4fa30667e8a521d;dd3a303da50257f541a500eadf97e95d"	"ftp.sra.ebi.ac.uk/vol1/fastq/ERR421/009/ERR4210529/ERR4210529_1.fastq.gz;ftp.sra.ebi.ac.uk/vol1/fastq/ERR421/009/ERR4210529/ERR4210529_2.fastq.gz"	419326	"ftp.sra.ebi.ac.uk/vol1/run/ERR421/ERR4210529/BIS159_S7_R1_001.fastq.gz;ftp.sra.ebi.ac.uk/vol1/run/ERR421/ERR4210529/BIS159_S7_R2_001.fastq.gz"
"SAMEA6875863"	"PRJEB38152"	"ERR4210530"	"BIS382"	"#N/A"	"ERS4603423"	2020-06-08	2020-06-09	"NextSeq 500"	"PAIRED"	"GENOMIC"	"ILLUMINA"	"unspecified"	"Targeted-Capture"	"fasp.sra.ebi.ac.uk:/vol1/fastq/ERR421/000/ERR4210530/ERR4210530_1.fastq.gz;fasp.sra.ebi.ac.uk:/vol1/fastq/ERR421/000/ERR4210530/ERR4210530_2.fastq.gz"	"29348206;30695229"	"83fd536bfdd54c37bef57a3c17cae0f8;c11921db9d0a4c102bbb7ccd4943e784"	"ftp.sra.ebi.ac.uk/vol1/fastq/ERR421/000/ERR4210530/ERR4210530_1.fastq.gz;ftp.sra.ebi.ac.uk/vol1/fastq/ERR421/000/ERR4210530/ERR4210530_2.fastq.gz"	482606	"ftp.sra.ebi.ac.uk/vol1/run/ERR421/ERR4210530/BIS382_S8_R1_001.fastq.gz;ftp.sra.ebi.ac.uk/vol1/run/ERR421/ERR4210530/BIS382_S8_R2_001.fastq.gz"
"SAMEA6875864"	"PRJEB38152"	"ERR4210531"	"BIS388-1"	"#N/A"	"ERS4603424"	2020-06-08	2020-06-08	"NextSeq 500"	"PAIRED"	"GENOMIC"	"ILLUMINA"	"unspecified"	"Targeted-Capture"	"fasp.sra.ebi.ac.uk:/vol1/fastq/ERR421/001/ERR4210531/ERR4210531_1.fastq.gz;fasp.sra.ebi.ac.uk:/vol1/fastq/ERR421/001/ERR4210531/ERR4210531_2.fastq.gz"	"24488085;25482165"	"80689316f43ab170a73130c90924cd67;609ff18cdb1e8f4673a720c04d1fafcd"	"ftp.sra.ebi.ac.uk/vol1/fastq/ERR421/001/ERR4210531/ERR4210531_1.fastq.gz;ftp.sra.ebi.ac.uk/vol1/fastq/ERR421/001/ERR4210531/ERR4210531_2.fastq.gz"	401401	"ftp.sra.ebi.ac.uk/vol1/run/ERR421/ERR4210531/BIS3881_S10_R1_001.fastq.gz;ftp.sra.ebi.ac.uk/vol1/run/ERR421/ERR4210531/BIS3881_S10_R2_001.fastq.gz"
"SAMEA6875865"	"PRJEB38152"	"ERR4210532"	"BIS388-2"	"#N/A"	"ERS4603425"	2020-06-08	2020-06-08	"NextSeq 500"	"PAIRED"	"GENOMIC"	"ILLUMINA"	"unspecified"	"Targeted-Capture"	"fasp.sra.ebi.ac.uk:/vol1/fastq/ERR421/002/ERR4210532/ERR4210532_1.fastq.gz;fasp.sra.ebi.ac.uk:/vol1/fastq/ERR421/002/ERR4210532/ERR4210532_2.fastq.gz"	"30407022;31535285"	"ec5aae8fb2dacd6339b9fa6bbe497295;f96f56d5cc92592794c4bfd97dd90e12"	"ftp.sra.ebi.ac.uk/vol1/fastq/ERR421/002/ERR4210532/ERR4210532_1.fastq.gz;ftp.sra.ebi.ac.uk/vol1/fastq/ERR421/002/ERR4210532/ERR4210532_2.fastq.gz"	496540	"ftp.sra.ebi.ac.uk/vol1/run/ERR421/ERR4210532/BIS3882_S11_R1_001.fastq.gz;ftp.sra.ebi.ac.uk/vol1/run/ERR421/ERR4210532/BIS3882_S11_R2_001.fastq.gz"
"SAMEA6875867"	"PRJEB38152"	"ERR4210533"	"PIR3117"	"#N/A"	"ERS4603427"	2020-06-08	2020-06-08	"NextSeq 500"	"PAIRED"	"GENOMIC"	"ILLUMINA"	"unspecified"	"Targeted-Capture"	"fasp.sra.ebi.ac.uk:/vol1/fastq/ERR421/003/ERR4210533/ERR4210533_1.fastq.gz;fasp.sra.ebi.ac.uk:/vol1/fastq/ERR421/003/ERR4210533/ERR4210533_2.fastq.gz"	"9308384;9910135"	"6b92499145ff4551f00797ffefa9de68;80aeb9f37529fcc02852d355b41a99d0"	"ftp.sra.ebi.ac.uk/vol1/fastq/ERR421/003/ERR4210533/ERR4210533_1.fastq.gz;ftp.sra.ebi.ac.uk/vol1/fastq/ERR421/003/ERR4210533/ERR4210533_2.fastq.gz"	156095	"ftp.sra.ebi.ac.uk/vol1/run/ERR421/ERR4210533/PIR3117_S43_R1_001.fastq.gz;ftp.sra.ebi.ac.uk/vol1/run/ERR421/ERR4210533/PIR3117_S43_R2_001.fastq.gz"
"SAMEA6875869"	"PRJEB38152"	"ERR4210534"	"QUIN59"	"#N/A"	"ERS4603429"	2020-06-08	2020-06-08	"NextSeq 500"	"PAIRED"	"GENOMIC"	"ILLUMINA"	"unspecified"	"Targeted-Capture"	"fasp.sra.ebi.ac.uk:/vol1/fastq/ERR421/004/ERR4210534/ERR4210534_1.fastq.gz;fasp.sra.ebi.ac.uk:/vol1/fastq/ERR421/004/ERR4210534/ERR4210534_2.fastq.gz"	"22491006;23674736"	"9eeb760915909dc4e5766fe2f49747d1;832defc47f1d910a83f07cf8bbf5c33a"	"ftp.sra.ebi.ac.uk/vol1/fastq/ERR421/004/ERR4210534/ERR4210534_1.fastq.gz;ftp.sra.ebi.ac.uk/vol1/fastq/ERR421/004/ERR4210534/ERR4210534_2.fastq.gz"	374231	"ftp.sra.ebi.ac.uk/vol1/run/ERR421/ERR4210534/QUIN59_S46_R1_001.fastq.gz;ftp.sra.ebi.ac.uk/vol1/run/ERR421/ERR4210534/QUIN59_S46_R2_001.fastq.gz"
"SAMEA6875870"	"PRJEB38152"	"ERR4210535"	"MIT1031"	"#N/A"	"ERS4603430"	2020-06-08	2020-06-09	"NextSeq 500"	"PAIRED"	"GENOMIC"	"ILLUMINA"	"unspecified"	"Targeted-Capture"	"fasp.sra.ebi.ac.uk:/vol1/fastq/ERR421/005/ERR4210535/ERR4210535_1.fastq.gz;fasp.sra.ebi.ac.uk:/vol1/fastq/ERR421/005/ERR4210535/ERR4210535_2.fastq.gz"	"23801088;25014252"	"86a1896af5745345f303de663a23339b;6546f5d13092201d5a8fb52efb1fa901"	"ftp.sra.ebi.ac.uk/vol1/fastq/ERR421/005/ERR4210535/ERR4210535_1.fastq.gz;ftp.sra.ebi.ac.uk/vol1/fastq/ERR421/005/ERR4210535/ERR4210535_2.fastq.gz"	390842	"ftp.sra.ebi.ac.uk/vol1/run/ERR421/ERR4210535/MIT1031_S16_R1_001.fastq.gz;ftp.sra.ebi.ac.uk/vol1/run/ERR421/ERR4210535/MIT1031_S16_R2_001.fastq.gz"
"SAMEA6875872"	"PRJEB38152"	"ERR4210536"	"MIT11"	"#N/A"	"ERS4603432"	2020-06-08	2020-06-08	"NextSeq 500"	"PAIRED"	"GENOMIC"	"ILLUMINA"	"unspecified"	"Targeted-Capture"	"fasp.sra.ebi.ac.uk:/vol1/fastq/ERR421/006/ERR4210536/ERR4210536_1.fastq.gz;fasp.sra.ebi.ac.uk:/vol1/fastq/ERR421/006/ERR4210536/ERR4210536_2.fastq.gz"	"21379653;22401910"	"ea2083074e524f170482d4a88a62471f;540f2d52bb19accf2a395ea60fe9d7d1"	"ftp.sra.ebi.ac.uk/vol1/fastq/ERR421/006/ERR4210536/ERR4210536_1.fastq.gz;ftp.sra.ebi.ac.uk/vol1/fastq/ERR421/006/ERR4210536/ERR4210536_2.fastq.gz"	353464	"ftp.sra.ebi.ac.uk/vol1/run/ERR421/ERR4210536/MIT11_S18_R1_001.fastq.gz;ftp.sra.ebi.ac.uk/vol1/run/ERR421/ERR4210536/MIT11_S18_R2_001.fastq.gz"
"SAMEA6875873"	"PRJEB38152"	"ERR4210537"	"MAND1175"	"#N/A"	"ERS4603433"	2020-06-08	2020-06-08	"NextSeq 500"	"PAIRED"	"GENOMIC"	"ILLUMINA"	"unspecified"	"Targeted-Capture"	"fasp.sra.ebi.ac.uk:/vol1/fastq/ERR421/007/ERR4210537/ERR4210537_1.fastq.gz;fasp.sra.ebi.ac.uk:/vol1/fastq/ERR421/007/ERR4210537/ERR4210537_2.fastq.gz"	"22104870;22886511"	"25fd4c63ee8c473ccf4cf5e522fe87b7;c64a359a5aeaca43c1e74f1ac9120a59"	"ftp.sra.ebi.ac.uk/vol1/fastq/ERR421/007/ERR4210537/ERR4210537_1.fastq.gz;ftp.sra.ebi.ac.uk/vol1/fastq/ERR421/007/ERR4210537/ERR4210537_2.fastq.gz"	361761	"ftp.sra.ebi.ac.uk/vol1/run/ERR421/ERR4210537/MAND1175_S13_R1_001.fastq.gz;ftp.sra.ebi.ac.uk/vol1/run/ERR421/ERR4210537/MAND1175_S13_R2_001.fastq.gz"
"SAMEA6875874"	"PRJEB38152"	"ERR4210538"	"MIT1030B"	"#N/A"	"ERS4603434"	2020-06-08	2020-06-09	"NextSeq 500"	"PAIRED"	"GENOMIC"	"ILLUMINA"	"unspecified"	"Targeted-Capture"	"fasp.sra.ebi.ac.uk:/vol1/fastq/ERR421/008/ERR4210538/ERR4210538_1.fastq.gz;fasp.sra.ebi.ac.uk:/vol1/fastq/ERR421/008/ERR4210538/ERR4210538_2.fastq.gz"	"30462847;31860743"	"29e45a7aa687e19c660c615956efbf22;e767985585f3a9242cf75b639de0cd10"	"ftp.sra.ebi.ac.uk/vol1/fastq/ERR421/008/ERR4210538/ERR4210538_1.fastq.gz;ftp.sra.ebi.ac.uk/vol1/fastq/ERR421/008/ERR4210538/ERR4210538_2.fastq.gz"	499674	"ftp.sra.ebi.ac.uk/vol1/run/ERR421/ERR4210538/MIT1030B_S15_R1_001.fastq.gz;ftp.sra.ebi.ac.uk/vol1/run/ERR421/ERR4210538/MIT1030B_S15_R2_001.fastq.gz"
"SAMEA6875875"	"PRJEB38152"	"ERR4210539"	"MIT1167A"	"#N/A"	"ERS4603435"	2020-06-08	2020-06-08	"NextSeq 500"	"PAIRED"	"GENOMIC"	"ILLUMINA"	"unspecified"	"Targeted-Capture"	"fasp.sra.ebi.ac.uk:/vol1/fastq/ERR421/009/ERR4210539/ERR4210539_1.fastq.gz;fasp.sra.ebi.ac.uk:/vol1/fastq/ERR421/009/ERR4210539/ERR4210539_2.fastq.gz"	"26358490;27905258"	"4521645a4311cda6cd06bf2047ea63f4;00d526f05c4808d532d420b2fb8c3741"	"ftp.sra.ebi.ac.uk/vol1/fastq/ERR421/009/ERR4210539/ERR4210539_1.fastq.gz;ftp.sra.ebi.ac.uk/vol1/fastq/ERR421/009/ERR4210539/ERR4210539_2.fastq.gz"	435325	"ftp.sra.ebi.ac.uk/vol1/run/ERR421/ERR4210539/MIT1167A_S19_R1_001.fastq.gz;ftp.sra.ebi.ac.uk/vol1/run/ERR421/ERR4210539/MIT1167A_S19_R2_001.fastq.gz"
"SAMEA6875876"	"PRJEB38152"	"ERR4210540"	"MIT1167B"	"#N/A"	"ERS4603436"	2020-06-08	2020-06-08	"NextSeq 500"	"PAIRED"	"GENOMIC"	"ILLUMINA"	"unspecified"	"Targeted-Capture"	"fasp.sra.ebi.ac.uk:/vol1/fastq/ERR421/000/ERR4210540/ERR4210540_1.fastq.gz;fasp.sra.ebi.ac.uk:/vol1/fastq/ERR421/000/ERR4210540/ERR4210540_2.fastq.gz"	"25522670;27037760"	"3c5cf9ed068f2e6bacab40655afe80e3;c329807e43fb970762120a13af56d29f"	"ftp.sra.ebi.ac.uk/vol1/fastq/ERR421/000/ERR4210540/ERR4210540_1.fastq.gz;ftp.sra.ebi.ac.uk/vol1/fastq/ERR421/000/ERR4210540/ERR4210540_2.fastq.gz"	425800	"ftp.sra.ebi.ac.uk/vol1/run/ERR421/ERR4210540/MIT1167B_S20_R1_001.fastq.gz;ftp.sra.ebi.ac.uk/vol1/run/ERR421/ERR4210540/MIT1167B_S20_R2_001.fastq.gz"
"SAMEA6875877"	"PRJEB38152"	"ERR4210541"	"MIT1167C"	"#N/A"	"ERS4603437"	2020-06-08	2020-06-08	"NextSeq 500"	"PAIRED"	"GENOMIC"	"ILLUMINA"	"unspecified"	"Targeted-Capture"	"fasp.sra.ebi.ac.uk:/vol1/fastq/ERR421/001/ERR4210541/ERR4210541_1.fastq.gz;fasp.sra.ebi.ac.uk:/vol1/fastq/ERR421/001/ERR4210541/ERR4210541_2.fastq.gz"	"30534685;31973829"	"b597a9b8499286e6f8fc9f942d6f262e;5023e0019bfbac713a6d6d78867c96fd"	"ftp.sra.ebi.ac.uk/vol1/fastq/ERR421/001/ERR4210541/ERR4210541_1.fastq.gz;ftp.sra.ebi.ac.uk/vol1/fastq/ERR421/001/ERR4210541/ERR4210541_2.fastq.gz"	500789	"ftp.sra.ebi.ac.uk/vol1/run/ERR421/ERR4210541/MIT1167C_S21_R1_001.fastq.gz;ftp.sra.ebi.ac.uk/vol1/run/ERR421/ERR4210541/MIT1167C_S21_R2_001.fastq.gz"
"SAMEA6875878"	"PRJEB38152"	"ERR4210542"	"MIT1059"	"#N/A"	"ERS4603438"	2020-06-08	2020-06-08	"NextSeq 500"	"PAIRED"	"GENOMIC"	"ILLUMINA"	"unspecified"	"Targeted-Capture"	"fasp.sra.ebi.ac.uk:/vol1/fastq/ERR421/002/ERR4210542/ERR4210542_1.fastq.gz;fasp.sra.ebi.ac.uk:/vol1/fastq/ERR421/002/ERR4210542/ERR4210542_2.fastq.gz"	"10112677;11173567"	"942ec2774a269f9990c110ede131a90e;e153ba7fb8db5800d40d55c494d2441b"	"ftp.sra.ebi.ac.uk/vol1/fastq/ERR421/002/ERR4210542/ERR4210542_1.fastq.gz;ftp.sra.ebi.ac.uk/vol1/fastq/ERR421/002/ERR4210542/ERR4210542_2.fastq.gz"	176300	"ftp.sra.ebi.ac.uk/vol1/run/ERR421/ERR4210542/MIT1059_S17_R1_001.fastq.gz;ftp.sra.ebi.ac.uk/vol1/run/ERR421/ERR4210542/MIT1059_S17_R2_001.fastq.gz"
"SAMEA6875879"	"PRJEB38152"	"ERR4210543"	"VIGN203"	"#N/A"	"ERS4603439"	2020-06-08	2020-06-08	"NextSeq 500"	"PAIRED"	"GENOMIC"	"ILLUMINA"	"unspecified"	"Targeted-Capture"	"fasp.sra.ebi.ac.uk:/vol1/fastq/ERR421/003/ERR4210543/ERR4210543_1.fastq.gz;fasp.sra.ebi.ac.uk:/vol1/fastq/ERR421/003/ERR4210543/ERR4210543_2.fastq.gz"	"4099262;4270198"	"9ac117184a8f66c1929144fef0492ebd;a53fb3f3e9c71f4c087b8f27b5a5cb88"	"ftp.sra.ebi.ac.uk/vol1/fastq/ERR421/003/ERR4210543/ERR4210543_1.fastq.gz;ftp.sra.ebi.ac.uk/vol1/fastq/ERR421/003/ERR4210543/ERR4210543_2.fastq.gz"	67365	"ftp.sra.ebi.ac.uk/vol1/run/ERR421/ERR4210543/VIGN203_S55_R1_001.fastq.gz;ftp.sra.ebi.ac.uk/vol1/run/ERR421/ERR4210543/VIGN203_S55_R2_001.fastq.gz"
"SAMEA6875880"	"PRJEB38152"	"ERR4210544"	"VIGN3052"	"#N/A"	"ERS4603440"	2020-06-08	2020-06-09	"NextSeq 500"	"PAIRED"	"GENOMIC"	"ILLUMINA"	"unspecified"	"Targeted-Capture"	"fasp.sra.ebi.ac.uk:/vol1/fastq/ERR421/004/ERR4210544/ERR4210544_1.fastq.gz;fasp.sra.ebi.ac.uk:/vol1/fastq/ERR421/004/ERR4210544/ERR4210544_2.fastq.gz"	"49546760;51700236"	"0954f47337225bfe23cb640b22133568;820f0f0f55fb27304df26cdab376a9ec"	"ftp.sra.ebi.ac.uk/vol1/fastq/ERR421/004/ERR4210544/ERR4210544_1.fastq.gz;ftp.sra.ebi.ac.uk/vol1/fastq/ERR421/004/ERR4210544/ERR4210544_2.fastq.gz"	825841	"ftp.sra.ebi.ac.uk/vol1/run/ERR421/ERR4210544/VIGN3052_S56_R1_001.fastq.gz;ftp.sra.ebi.ac.uk/vol1/run/ERR421/ERR4210544/VIGN3052_S56_R2_001.fastq.gz"
"SAMEA6875881"	"PRJEB38152"	"ERR4210545"	"NOR2B2"	"#N/A"	"ERS4603441"	2020-06-08	2020-06-09	"NextSeq 500"	"PAIRED"	"GENOMIC"	"ILLUMINA"	"unspecified"	"Targeted-Capture"	"fasp.sra.ebi.ac.uk:/vol1/fastq/ERR421/005/ERR4210545/ERR4210545_1.fastq.gz;fasp.sra.ebi.ac.uk:/vol1/fastq/ERR421/005/ERR4210545/ERR4210545_2.fastq.gz"	"29237247;31758989"	"1b15b36c9cf6d7b02c30bcb55d3b36c6;592a9501de3be1813ffdd9542b722063"	"ftp.sra.ebi.ac.uk/vol1/fastq/ERR421/005/ERR4210545/ERR4210545_1.fastq.gz;ftp.sra.ebi.ac.uk/vol1/fastq/ERR421/005/ERR4210545/ERR4210545_2.fastq.gz"	478341	"ftp.sra.ebi.ac.uk/vol1/run/ERR421/ERR4210545/NOR2B2_S23_R1_001.fastq.gz;ftp.sra.ebi.ac.uk/vol1/run/ERR421/ERR4210545/NOR2B2_S23_R2_001.fastq.gz"
"SAMEA6875882"	"PRJEB38152"	"ERR4210546"	"BERG351-2"	"#N/A"	"ERS4603442"	2020-06-08	2020-06-09	"NextSeq 500"	"PAIRED"	"GENOMIC"	"ILLUMINA"	"unspecified"	"Targeted-Capture"	"fasp.sra.ebi.ac.uk:/vol1/fastq/ERR421/006/ERR4210546/ERR4210546_1.fastq.gz;fasp.sra.ebi.ac.uk:/vol1/fastq/ERR421/006/ERR4210546/ERR4210546_2.fastq.gz"	"45536564;48911711"	"e8876e63ba3c7d3932464afcce5caba6;24e05ed0d0b2082986899ffabf273291"	"ftp.sra.ebi.ac.uk/vol1/fastq/ERR421/006/ERR4210546/ERR4210546_1.fastq.gz;ftp.sra.ebi.ac.uk/vol1/fastq/ERR421/006/ERR4210546/ERR4210546_2.fastq.gz"	797860	"ftp.sra.ebi.ac.uk/vol1/run/ERR421/ERR4210546/BERG351-2_S2_R1_001.fastq.gz;ftp.sra.ebi.ac.uk/vol1/run/ERR421/ERR4210546/BERG351-2_S2_R2_001.fastq.gz"
"SAMEA6875883"	"PRJEB38152"	"ERR4210547"	"BERG643-2"	"#N/A"	"ERS4603443"	2020-06-08	2020-06-13	"NextSeq 500"	"PAIRED"	"GENOMIC"	"ILLUMINA"	"unspecified"	"Targeted-Capture"	"fasp.sra.ebi.ac.uk:/vol1/fastq/ERR421/007/ERR4210547/ERR4210547_1.fastq.gz;fasp.sra.ebi.ac.uk:/vol1/fastq/ERR421/007/ERR4210547/ERR4210547_2.fastq.gz"	"47061260;50440843"	"532662b2079f2d8b65618e5879b77919;69d1054f6fccd8a98480686eca4b65e6"	"ftp.sra.ebi.ac.uk/vol1/fastq/ERR421/007/ERR4210547/ERR4210547_1.fastq.gz;ftp.sra.ebi.ac.uk/vol1/fastq/ERR421/007/ERR4210547/ERR4210547_2.fastq.gz"	810669	"ftp.sra.ebi.ac.uk/vol1/run/ERR421/ERR4210547/BERG643-2_S4_R1_001.fastq.gz;ftp.sra.ebi.ac.uk/vol1/run/ERR421/ERR4210547/BERG643-2_S4_R2_001.fastq.gz"
"SAMEA6875884"	"PRJEB38152"	"ERR4210548"	"PECH10"	"#N/A"	"ERS4603444"	2020-06-08	2020-06-09	"NextSeq 500"	"PAIRED"	"GENOMIC"	"ILLUMINA"	"unspecified"	"Targeted-Capture"	"fasp.sra.ebi.ac.uk:/vol1/fastq/ERR421/008/ERR4210548/ERR4210548_1.fastq.gz;fasp.sra.ebi.ac.uk:/vol1/fastq/ERR421/008/ERR4210548/ERR4210548_2.fastq.gz"	"101541506;108207859"	"07903feb41ab60f085cf90624c4631b3;643e87340aa136c35f8f914726ea4924"	"ftp.sra.ebi.ac.uk/vol1/fastq/ERR421/008/ERR4210548/ERR4210548_1.fastq.gz;ftp.sra.ebi.ac.uk/vol1/fastq/ERR421/008/ERR4210548/ERR4210548_2.fastq.gz"	1669427	"ftp.sra.ebi.ac.uk/vol1/run/ERR421/ERR4210548/PECH10_S28_R1_001.fastq.gz;ftp.sra.ebi.ac.uk/vol1/run/ERR421/ERR4210548/PECH10_S28_R2_001.fastq.gz"
"SAMEA6875885"	"PRJEB38152"	"ERR4210549"	"PECH3"	"#N/A"	"ERS4603445"	2020-06-08	2020-06-09	"NextSeq 500"	"PAIRED"	"GENOMIC"	"ILLUMINA"	"unspecified"	"Targeted-Capture"	"fasp.sra.ebi.ac.uk:/vol1/fastq/ERR421/009/ERR4210549/ERR4210549_1.fastq.gz;fasp.sra.ebi.ac.uk:/vol1/fastq/ERR421/009/ERR4210549/ERR4210549_2.fastq.gz"	"49772886;51868741"	"3799bff695621ec848b3baaf91047400;71ec168b9c50e670290f53e50c0ecd09"	"ftp.sra.ebi.ac.uk/vol1/fastq/ERR421/009/ERR4210549/ERR4210549_1.fastq.gz;ftp.sra.ebi.ac.uk/vol1/fastq/ERR421/009/ERR4210549/ERR4210549_2.fastq.gz"	816686	"ftp.sra.ebi.ac.uk/vol1/run/ERR421/ERR4210549/PECH3_S29_R1_001.fastq.gz;ftp.sra.ebi.ac.uk/vol1/run/ERR421/ERR4210549/PECH3_S29_R2_001.fastq.gz"
"SAMEA6875886"	"PRJEB38152"	"ERR4210550"	"PECH9"	"#N/A"	"ERS4603446"	2020-06-08	2020-06-09	"NextSeq 500"	"PAIRED"	"GENOMIC"	"ILLUMINA"	"unspecified"	"Targeted-Capture"	"fasp.sra.ebi.ac.uk:/vol1/fastq/ERR421/000/ERR4210550/ERR4210550_1.fastq.gz;fasp.sra.ebi.ac.uk:/vol1/fastq/ERR421/000/ERR4210550/ERR4210550_2.fastq.gz"	"39531090;40765315"	"288b1ebff7440231e595a4f8d35d3767;2a6be9d5b301b1ca016f2ee3d13ae5c1"	"ftp.sra.ebi.ac.uk/vol1/fastq/ERR421/000/ERR4210550/ERR4210550_1.fastq.gz;ftp.sra.ebi.ac.uk/vol1/fastq/ERR421/000/ERR4210550/ERR4210550_2.fastq.gz"	650795	"ftp.sra.ebi.ac.uk/vol1/run/ERR421/ERR4210550/PECH9_S32_R1_001.fastq.gz;ftp.sra.ebi.ac.uk/vol1/run/ERR421/ERR4210550/PECH9_S32_R2_001.fastq.gz"
"SAMEA6875887"	"PRJEB38152"	"ERR4210551"	"CLR05"	"#N/A"	"ERS4603447"	2020-06-08	2020-06-08	"NextSeq 500"	"PAIRED"	"GENOMIC"	"ILLUMINA"	"unspecified"	"Targeted-Capture"	"fasp.sra.ebi.ac.uk:/vol1/fastq/ERR421/001/ERR4210551/ERR4210551_1.fastq.gz;fasp.sra.ebi.ac.uk:/vol1/fastq/ERR421/001/ERR4210551/ERR4210551_2.fastq.gz"	"1533159;1641601"	"0f9005154229e65046b4e3991b17a3d8;16844264db4dfe40fe72bece31ad7345"	"ftp.sra.ebi.ac.uk/vol1/fastq/ERR421/001/ERR4210551/ERR4210551_1.fastq.gz;ftp.sra.ebi.ac.uk/vol1/fastq/ERR421/001/ERR4210551/ERR4210551_2.fastq.gz"	27615	"ftp.sra.ebi.ac.uk/vol1/run/ERR421/ERR4210551/CLR05_S13_R1_001.fastq.gz;ftp.sra.ebi.ac.uk/vol1/run/ERR421/ERR4210551/CLR05_S13_R2_001.fastq.gz"
"SAMEA6875888"	"PRJEB38152"	"ERR4210552"	"CLR1"	"#N/A"	"ERS4603448"	2020-06-08	2020-06-09	"NextSeq 500"	"PAIRED"	"GENOMIC"	"ILLUMINA"	"unspecified"	"Targeted-Capture"	"fasp.sra.ebi.ac.uk:/vol1/fastq/ERR421/002/ERR4210552/ERR4210552_1.fastq.gz;fasp.sra.ebi.ac.uk:/vol1/fastq/ERR421/002/ERR4210552/ERR4210552_2.fastq.gz"	"95003932;99310745"	"cd44cf9d11b40c3ba2f5a18c9390ee42;a9e4ca21b3d45f8640e995b5549e95d5"	"ftp.sra.ebi.ac.uk/vol1/fastq/ERR421/002/ERR4210552/ERR4210552_1.fastq.gz;ftp.sra.ebi.ac.uk/vol1/fastq/ERR421/002/ERR4210552/ERR4210552_2.fastq.gz"	1795811	"ftp.sra.ebi.ac.uk/vol1/run/ERR421/ERR4210552/CLR1_S45_R1_001.fastq.gz;ftp.sra.ebi.ac.uk/vol1/run/ERR421/ERR4210552/CLR1_S45_R2_001.fastq.gz"
"SAMEA6875889"	"PRJEB38152"	"ERR4210553"	"CLR11"	"#N/A"	"ERS4603449"	2020-06-08	2020-06-08	"NextSeq 500"	"PAIRED"	"GENOMIC"	"ILLUMINA"	"unspecified"	"Targeted-Capture"	"fasp.sra.ebi.ac.uk:/vol1/fastq/ERR421/003/ERR4210553/ERR4210553_1.fastq.gz;fasp.sra.ebi.ac.uk:/vol1/fastq/ERR421/003/ERR4210553/ERR4210553_2.fastq.gz"	"7291014;7812389"	"57a907ea58082101f12e6aec508e5e58;f552bf185c858e0f7023fcc055fc8721"	"ftp.sra.ebi.ac.uk/vol1/fastq/ERR421/003/ERR4210553/ERR4210553_1.fastq.gz;ftp.sra.ebi.ac.uk/vol1/fastq/ERR421/003/ERR4210553/ERR4210553_2.fastq.gz"	134111	"ftp.sra.ebi.ac.uk/vol1/run/ERR421/ERR4210553/CLR11_S14_R1_001.fastq.gz;ftp.sra.ebi.ac.uk/vol1/run/ERR421/ERR4210553/CLR11_S14_R2_001.fastq.gz"
"SAMEA6875890"	"PRJEB38152"	"ERR4210554"	"CLR12"	"#N/A"	"ERS4603450"	2020-06-08	2020-06-08	"NextSeq 500"	"PAIRED"	"GENOMIC"	"ILLUMINA"	"unspecified"	"Targeted-Capture"	"fasp.sra.ebi.ac.uk:/vol1/fastq/ERR421/004/ERR4210554/ERR4210554_1.fastq.gz;fasp.sra.ebi.ac.uk:/vol1/fastq/ERR421/004/ERR4210554/ERR4210554_2.fastq.gz"	"2022283;2199457"	"054973c8dc19a723c62c3544d46327dd;bfaacc8719911f836bfee262db7966dd"	"ftp.sra.ebi.ac.uk/vol1/fastq/ERR421/004/ERR4210554/ERR4210554_1.fastq.gz;ftp.sra.ebi.ac.uk/vol1/fastq/ERR421/004/ERR4210554/ERR4210554_2.fastq.gz"	37004	"ftp.sra.ebi.ac.uk/vol1/run/ERR421/ERR4210554/CLR12_S15_R1_001.fastq.gz;ftp.sra.ebi.ac.uk/vol1/run/ERR421/ERR4210554/CLR12_S15_R2_001.fastq.gz"
"SAMEA6875891"	"PRJEB38152"	"ERR4210555"	"CLR13"	"#N/A"	"ERS4603451"	2020-06-08	2020-06-08	"NextSeq 500"	"PAIRED"	"GENOMIC"	"ILLUMINA"	"unspecified"	"Targeted-Capture"	"fasp.sra.ebi.ac.uk:/vol1/fastq/ERR421/005/ERR4210555/ERR4210555_1.fastq.gz;fasp.sra.ebi.ac.uk:/vol1/fastq/ERR421/005/ERR4210555/ERR4210555_2.fastq.gz"	"4167080;4424104"	"7d0a38aa9ec9ff45e40d5d94753992a2;a76847b3ae20ef70da48e08e75f936b3"	"ftp.sra.ebi.ac.uk/vol1/fastq/ERR421/005/ERR4210555/ERR4210555_1.fastq.gz;ftp.sra.ebi.ac.uk/vol1/fastq/ERR421/005/ERR4210555/ERR4210555_2.fastq.gz"	75847	"ftp.sra.ebi.ac.uk/vol1/run/ERR421/ERR4210555/CLR13_S16_R1_001.fastq.gz;ftp.sra.ebi.ac.uk/vol1/run/ERR421/ERR4210555/CLR13_S16_R2_001.fastq.gz"
"SAMEA6875892"	"PRJEB38152"	"ERR4210556"	"PEY74"	"#N/A"	"ERS4603452"	2020-06-08	2020-06-08	"NextSeq 500"	"PAIRED"	"GENOMIC"	"ILLUMINA"	"unspecified"	"Targeted-Capture"	"fasp.sra.ebi.ac.uk:/vol1/fastq/ERR421/006/ERR4210556/ERR4210556_1.fastq.gz;fasp.sra.ebi.ac.uk:/vol1/fastq/ERR421/006/ERR4210556/ERR4210556_2.fastq.gz"	"18810156;20564469"	"b8b9746499a3eed6af61c424801cfff4;717e52e6b08daa73b1870e5a749190a0"	"ftp.sra.ebi.ac.uk/vol1/fastq/ERR421/006/ERR4210556/ERR4210556_1.fastq.gz;ftp.sra.ebi.ac.uk/vol1/fastq/ERR421/006/ERR4210556/ERR4210556_2.fastq.gz"	343567	"ftp.sra.ebi.ac.uk/vol1/run/ERR421/ERR4210556/Pey74_S4_R1_001.fastq.gz;ftp.sra.ebi.ac.uk/vol1/run/ERR421/ERR4210556/Pey74_S4_R2_001.fastq.gz"
